poll 277852: 90101010 00000800 000000f0 ff000000 4090004a 3c044301 00000003 80001600 7388e000 00404800 742df000 0000000f 742fc000 746f0800 748eac00 73ec3000 741e0000 ffd0007c 73ca5000 740e1000 00000000 00000000 0000000c ffffffff ffffffff ffffffff 54551760 76306300 00000000 00000000 00000000 00000000 00000000 00000000 00000000 00018e1a 1c995f3c 000c0040 2001e000 00000000 00000000 00000000 00000000 00000000 00000000 00000200 73c93000 00000000 00000000 00000000 00000000 00000000 00000000 00000000 00000000 00000000 00000000 00000000 00000000 00000000 742ef000 00000000 742f0000 00000000 742e9000 00000000 742ea000 00000000 00000000 00000000 00000000 00000000 740c1000 00000000 73ea3000 00000000 00000000 00000000 00000050 00000000 88da4280 10000000 00000000 00000000 00000000 00000000 00000000 00000000 00000000 00000000 00000000 00000000 00000000 00000000 00000000 00000000 00000000 00000000 00000000 00000000 00000000 00000000 00000000 00000000 00000000 0002c8f8 0002a552 0002ec9e 00000000 00000000 00000000 00000000 00000000 00000000 742f6000 00000000 00000000 00000000 00000000 00000000 00000000 00000000 00000000 00000000 00000000 00000000 00000000 00000000
poll 277853: 90101010 00000800 000000f0 ff000000 4090004a 3c044301 00000003 80001600 7388e000 00404800 742df000 0000000f 742fc000 746f0800 748eac00 73ec3000 741e0000 ffd0007c 73ca5000 740e1000 00000000 00000000 0000000c ffffffff ffffffff ffffffff 54551760 76306300 00000000 00000000 00000000 00000000 00000000 00000000 00000000 00018e1a 1c995f3c 000c0040 2001e000 00000000 00000000 00000000 00000000 00000000 00000000 00000200 73c93000 00000000 00000000 00000000 00000000 00000000 00000000 00000000 00000000 00000000 00000000 00000000 00000000 00000000 742ef000 00000000 742f0000 00000000 742e9000 00000000 742ea000 00000000 00000000 00000000 00000000 00000000 740c1000 00000000 73ea3000 00000000 00000000 00000000 000002ad 00000300 88da4280 10000000 00000000 00000000 00000000 00000000 00000000 00000000 00000000 00000000 00000000 00000000 00000000 00000000 00000000 00000000 00000000 00000000 00000000 00000000 00000000 00000000 00000000 00000000 00000000 0002c8f8 0002a552 0002ec9e 00000000 00000000 00000000 00000000 00000000 00000000 742f6000 00000000 00000000 00000000 00000000 00000000 00000000 00000000 00000000 00000000 00000000 00000000 00000000 00000000
poll 277854: 90101010 00000800 000000f0 ff000000 4090004a 3c044301 00000003 80001600 7388e000 00404800 742df000 0000000f 742fc000 746f0800 748eac00 73ec3000 741e0000 ffd0007c 73ca5000 740e1000 00000000 00000000 0000000c ffffffff ffffffff ffffffff 54551760 76306300 00000000 00000000 00000000 00000000 00000000 00000000 00000000 00018e1a 1c995f3c 000c0040 2001e000 00000000 00000000 00000000 00000000 00000000 00000000 00000200 73c93000 00000000 00000000 00000000 00000000 00000000 00000000 00000000 00000000 00000000 00000000 00000000 00000000 00000000 742ef000 00000000 742f0000 00000000 742e9000 00000000 742ea000 00000000 00000000 00000000 00000000 00000000 740c1000 00000000 73ea3000 00000000 00000000 00000000 00000384 00000500 88da4280 10000000 00000000 00000000 00000000 00000000 00000000 00000000 00000000 00000000 00000000 00000000 00000000 00000000 00000000 00000000 00000000 00000000 00000000 00000000 00000000 00000000 00000000 00000000 00000000 0002c8f8 0002a552 0002ec9e 00000000 00000000 00000000 00000000 00000000 00000000 742f6000 00000000 00000000 00000000 00000000 00000000 00000000 00000000 00000000 00000000 00000000 00000000 00000000 00000000
poll 277855: 90101010 00000800 000000f0 ff000000 4090004a 3c044301 00000003 80001600 7388e000 00404800 742df000 0000000f 742fc000 746f0800 748eac00 73ec3000 741e0000 ffd0007c 73ca5000 740e1000 00000000 00000000 0000000c ffffffff ffffffff ffffffff 54551760 76306300 00000000 00000000 00000000 00000000 00000000 00000000 00000000 00018e1a 1c995f3c 000c0040 2001e000 00000000 00000000 00000000 00000000 00000000 00000000 00000200 73c93000 00000000 00000000 00000000 00000000 00000000 00000000 00000000 00000000 00000000 00000000 00000000 00000000 00000000 742ef000 00000000 742f0000 00000000 742e9000 00000000 742ea000 00000000 00000000 00000000 00000000 00000000 740c1000 00000000 73ea3000 00000000 00000000 00000000 00000459 00000600 88da4280 10000000 00000000 00000000 00000000 00000000 00000000 00000000 00000000 00000000 00000000 00000000 00000000 00000000 00000000 00000000 00000000 00000000 00000000 00000000 00000000 00000000 00000000 00000000 00000000 0002c8f8 0002a552 0002ec9e 00000000 00000000 00000000 00000000 00000000 00000000 742f6000 00000000 00000000 00000000 00000000 00000000 00000000 00000000 00000000 00000000 00000000 00000000 00000000 00000000
poll 277856: 90101010 00000800 000000f0 ff000000 4090004a 3c044301 00000003 80001600 7388e000 00404800 742df000 0000000f 742fc000 746f0800 748eac00 73ec3000 741e0000 ffd0007c 73ca5000 740e1000 00000000 00000000 0000000c ffffffff ffffffff ffffffff 54551760 76306300 00000000 00000000 00000000 00000000 00000000 00000000 00000000 00018e1a 1c995f3c 000c0040 2001e000 00000000 00000000 00000000 00000000 00000000 00000000 00000200 73c93000 00000000 00000000 00000000 00000000 00000000 00000000 00000000 00000000 00000000 00000000 00000000 00000000 00000000 742ef000 00000000 742f0000 00000000 742e9000 00000000 742ea000 00000000 00000000 00000000 00000000 00000000 740c1000 00000000 73ea3000 00000000 00000000 00000000 00000544 00000700 88da4280 10000000 00000000 00000000 00000000 00000000 00000000 00000000 00000000 00000000 00000000 00000000 00000000 00000000 00000000 00000000 00000000 00000000 00000000 00000000 00000000 00000000 00000000 00000000 00000000 0002c8f8 0002a552 0002ec9e 00000000 00000000 00000000 00000000 00000000 00000000 742f6000 00000000 00000000 00000000 00000000 00000000 00000000 00000000 00000000 00000000 00000000 00000000 00000000 00000000
poll 277857: 90101010 00000800 000000f0 ff000000 4090004a 3c044301 00000003 80001600 7388e000 00404800 742df000 0000000f 742fc000 746f0800 748eac00 73ec3000 741e0000 ffd0007c 73ca5000 740e1000 00000000 00000000 0000000c ffffffff ffffffff ffffffff 54551760 76306300 00000000 00000000 00000000 00000000 00000000 00000000 00000000 00018e1a 1c995f3c 000c0040 2001e000 00000000 00000000 00000000 00000000 00000000 00000000 00000200 73c93000 00000000 00000000 00000000 00000000 00000000 00000000 00000000 00000000 00000000 00000000 00000000 00000000 00000000 742ef000 00000000 742f0000 00000000 742e9000 00000000 742ea000 00000000 00000000 00000000 00000000 00000000 740c1000 00000000 73ea3000 00000000 00000000 00000000 00000618 00000900 88da4280 10000000 00000000 00000000 00000000 00000000 00000000 00000000 00000000 00000000 00000000 00000000 00000000 00000000 00000000 00000000 00000000 00000000 00000000 00000000 00000000 00000000 00000000 00000000 00000000 0002c8f8 0002a552 0002ec9e 00000000 00000000 00000000 00000000 00000000 00000000 742f6000 00000000 00000000 00000000 00000000 00000000 00000000 00000000 00000000 00000000 00000000 00000000 00000000 00000000
poll 277858: 90101010 00000800 000000f0 ff000000 4090004a 3c044301 00000003 80001600 7388e000 00404800 742df000 0000000f 742fc000 746f0800 748eac00 73ec3000 741e0000 ffd0007c 73ca5000 740e1000 00000000 00000000 0000000c ffffffff ffffffff ffffffff 54551760 76306300 00000000 00000000 00000000 00000000 00000000 00000000 00000000 00018e1a 1c995f3c 000c0040 2001e000 00000000 00000000 00000000 00000000 00000000 00000000 00000200 73c93000 00000000 00000000 00000000 00000000 00000000 00000000 00000000 00000000 00000000 00000000 00000000 00000000 00000000 742ef000 00000000 742f0000 00000000 742e9000 00000000 742ea000 00000000 00000000 00000000 00000000 00000000 740c1000 00000000 73ea3000 00000000 00000000 00000000 000006ee 00000a00 88da4280 10000000 00000000 00000000 00000000 00000000 00000000 00000000 00000000 00000000 00000000 00000000 00000000 00000000 00000000 00000000 00000000 00000000 00000000 00000000 00000000 00000000 00000000 00000000 00000000 0002c8f8 0002a552 0002ec9e 00000000 00000000 00000000 00000000 00000000 00000000 742f6000 00000000 00000000 00000000 00000000 00000000 00000000 00000000 00000000 00000000 00000000 00000000 00000000 00000000
poll 277859: 90101010 00000800 000000f0 ff000000 4090004a 3c044301 00000003 80001600 7388e000 00404800 742df000 0000000f 742fc000 746f0800 748eac00 73ec3000 741e0000 ffd0007c 73ca5000 740e1000 00000000 00000000 0000000c ffffffff ffffffff ffffffff 54551760 76306300 00000000 00000000 00000000 00000000 00000000 00000000 00000000 00018e1a 1c995f3c 000c0040 2001e000 00000000 00000000 00000000 00000000 00000000 00000000 00000200 73c93000 00000000 00000000 00000000 00000000 00000000 00000000 00000000 00000000 00000000 00000000 00000000 00000000 00000000 742ef000 00000000 742f0000 00000000 742e9000 00000000 742ea000 00000000 00000000 00000000 00000000 00000000 740c1000 00000000 73ea3000 00000000 00000000 00000000 000007c4 00000c00 88da4280 10000000 00000000 00000000 00000000 00000000 00000000 00000000 00000000 00000000 00000000 00000000 00000000 00000000 00000000 00000000 00000000 00000000 00000000 00000000 00000000 00000000 00000000 00000000 00000000 0002c8f8 0002a552 0002ec9e 00000000 00000000 00000000 00000000 00000000 00000000 742f6000 00000000 00000000 00000000 00000000 00000000 00000000 00000000 00000000 00000000 00000000 00000000 00000000 00000000
poll 277860: 90101010 00000800 000000f0 ff000000 4090004a 3c044301 00000003 80001600 7388e000 00404800 742df000 0000000f 742fc000 746f0800 748eac00 73ec3000 741e0000 ffd0007c 73ca5000 740e1000 00000000 00000000 0000000c ffffffff ffffffff ffffffff 54551760 76306300 00000000 00000000 00000000 00000000 00000000 00000000 00000000 00018e1a 1c995f3c 000c0040 2001e000 00000000 00000000 00000000 00000000 00000000 00000000 00000200 73c93000 00000000 00000000 00000000 00000000 00000000 00000000 00000000 00000000 00000000 00000000 00000000 00000000 00000000 742ef000 00000000 742f0000 00000000 742e9000 00000000 742ea000 00000000 00000000 00000000 00000000 00000000 740c1000 00000000 73ea3000 00000000 00000000 00000000 000008aa 00000d00 88da4280 10000000 00000000 00000000 00000000 00000000 00000000 00000000 00000000 00000000 00000000 00000000 00000000 00000000 00000000 00000000 00000000 00000000 00000000 00000000 00000000 00000000 00000000 00000000 00000000 0002c8f8 0002a552 0002ec9e 00000000 00000000 00000000 00000000 00000000 00000000 742f6000 00000000 00000000 00000000 00000000 00000000 00000000 00000000 00000000 00000000 00000000 00000000 00000000 00000000
poll 277861: 90101010 00000800 000000f0 ff000000 4090004a 3c044301 00000003 80001600 7388e000 00404800 742df000 0000000f 742fc000 746f0800 748eac00 73ec3000 741e0000 ffd0007c 73ca5000 740e1000 00000000 00000000 0000000c ffffffff ffffffff ffffffff 54551760 76306300 00000000 00000000 00000000 00000000 00000000 00000000 00000000 00018e1a 1c995f3c 000c0040 2001e000 00000000 00000000 00000000 00000000 00000000 00000000 00000200 73c93000 00000000 00000000 00000000 00000000 00000000 00000000 00000000 00000000 00000000 00000000 00000000 00000000 00000000 742ef000 00000000 742f0000 00000000 742e9000 00000000 742ea000 00000000 00000000 00000000 00000000 00000000 740c1000 00000000 73ea3000 00000000 00000000 00000000 0000097d 00000e00 88da4280 10000000 00000000 00000000 00000000 00000000 00000000 00000000 00000000 00000000 00000000 00000000 00000000 00000000 00000000 00000000 00000000 00000000 00000000 00000000 00000000 00000000 00000000 00000000 00000000 0002c8f8 0002a552 0002ec9e 00000000 00000000 00000000 00000000 00000000 00000000 742f6000 00000000 00000000 00000000 00000000 00000000 00000000 00000000 00000000 00000000 00000000 00000000 00000000 00000000
poll 277862: 90101010 00000800 000000f0 ff000000 4090004a 3c044301 00000003 80001600 7388e000 00404800 742df000 0000000f 742fc000 746f0800 748eac00 73ec3000 741e0000 ffd0007c 73ca5000 740e1000 00000000 00000000 0000000c ffffffff ffffffff ffffffff 54551760 76306300 00000000 00000000 00000000 00000000 00000000 00000000 00000000 00018e1a 1c995f3c 000c0040 2001e000 00000000 00000000 00000000 00000000 00000000 00000000 00000200 73c93000 00000000 00000000 00000000 00000000 00000000 00000000 00000000 00000000 00000000 00000000 00000000 00000000 00000000 742ef000 00000000 742f0000 00000000 742e9000 00000000 742ea000 00000000 00000000 00000000 00000000 00000000 740c1000 00000000 73ea3000 00000000 00000000 00000000 00000a54 00000f00 88da4280 10000000 00000000 00000000 00000000 00000000 00000000 00000000 00000000 00000000 00000000 00000000 00000000 00000000 00000000 00000000 00000000 00000000 00000000 00000000 00000000 00000000 00000000 00000000 00000000 0002c8f8 0002a552 0002ec9e 00000000 00000000 00000000 00000000 00000000 00000000 742f6000 00000000 00000000 00000000 00000000 00000000 00000000 00000000 00000000 00000000 00000000 00000000 00000000 00000000
poll 277863: 90101010 00000800 000000f0 ff000000 4090004a 3c044301 00000003 80001600 7388e000 00404800 742df000 0000000f 742fc000 746f0800 748eac00 73ec3000 741e0000 ffd0007c 73ca5000 740e1000 00000000 00000000 0000000c ffffffff ffffffff ffffffff 54551760 76306300 00000000 00000000 00000000 00000000 00000000 00000000 00000000 00018e1a 1c995f3c 000c0040 2001e000 00000000 00000000 00000000 00000000 00000000 00000000 00000200 73c93000 00000000 00000000 00000000 00000000 00000000 00000000 00000000 00000000 00000000 00000000 00000000 00000000 00000000 742ef000 00000000 742f0000 00000000 742e9000 00000000 742ea000 00000000 00000000 00000000 00000000 00000000 740c1000 00000000 73ea3000 00000000 00000000 00000000 00000b34 00001100 88da4280 10000000 00000000 00000000 00000000 00000000 00000000 00000000 00000000 00000000 00000000 00000000 00000000 00000000 00000000 00000000 00000000 00000000 00000000 00000000 00000000 00000000 00000000 00000000 00000000 0002c8f8 0002a552 0002ec9e 00000000 00000000 00000000 00000000 00000000 00000000 742f6000 00000000 00000000 00000000 00000000 00000000 00000000 00000000 00000000 00000000 00000000 00000000 00000000 00000000
poll 277864: 90101010 00000800 000000f0 ff000000 4090004a 3c044301 00000003 80001600 7388e000 00404800 742df000 0000000f 742fc000 746f0800 748eac00 73ec3000 741e0000 ffd0007c 73ca5000 740e1000 00000000 00000000 0000000c ffffffff ffffffff ffffffff 54551760 76306300 00000000 00000000 00000000 00000000 00000000 00000000 00000000 00018e1a 1c995f3c 000c0040 2001e000 00000000 00000000 00000000 00000000 00000000 00000000 00000200 73c93000 00000000 00000000 00000000 00000000 00000000 00000000 00000000 00000000 00000000 00000000 00000000 00000000 00000000 742ef000 00000000 742f0000 00000000 742e9000 00000000 742ea000 00000000 00000000 00000000 00000000 00000000 740c1000 00000000 73ea3000 00000000 00000000 00000000 00000c09 00001200 88da4280 10000000 00000000 00000000 00000000 00000000 00000000 00000000 00000000 00000000 00000000 00000000 00000000 00000000 00000000 00000000 00000000 00000000 00000000 00000000 00000000 00000000 00000000 00000000 00000000 0002c8f8 0002a552 0002ec9e 00000000 00000000 00000000 00000000 00000000 00000000 742f6000 00000000 00000000 00000000 00000000 00000000 00000000 00000000 00000000 00000000 00000000 00000000 00000000 00000000
poll 277865: 90101010 00000800 000000f0 ff000000 4090004a 3c044301 00000003 80001600 7388e000 00404800 742df000 0000000f 742fc000 746f0800 748eac00 73ec3000 741e0000 ffd0007c 73ca5000 740e1000 00000000 00000000 0000000c ffffffff ffffffff ffffffff 54551760 76306300 00000000 00000000 00000000 00000000 00000000 00000000 00000000 00018e1a 1c995f3c 000c0040 2001e000 00000000 00000000 00000000 00000000 00000000 00000000 00000200 73c93000 00000000 00000000 00000000 00000000 00000000 00000000 00000000 00000000 00000000 00000000 00000000 00000000 00000000 742ef000 00000000 742f0000 00000000 742e9000 00000000 742ea000 00000000 00000000 00000000 00000000 00000000 740c1000 00000000 73ea3000 00000000 00000000 00000000 00000cde 00001300 88da4280 10000000 00000000 00000000 00000000 00000000 00000000 00000000 00000000 00000000 00000000 00000000 00000000 00000000 00000000 00000000 00000000 00000000 00000000 00000000 00000000 00000000 00000000 00000000 00000000 0002c8f8 0002a552 0002ec9e 00000000 00000000 00000000 00000000 00000000 00000000 742f6000 00000000 00000000 00000000 00000000 00000000 00000000 00000000 00000000 00000000 00000000 00000000 00000000 00000000
poll 277866: 90101010 00000800 000000f0 ff000000 4090004a 3c044301 00000003 80001600 7388e000 00404800 742df000 0000000f 742fc000 746f0800 748eac00 73ec3000 741e0000 ffd0007c 73ca5000 740e1000 00000000 00000000 0000000c ffffffff ffffffff ffffffff 54551760 76306300 00000000 00000000 00000000 00000000 00000000 00000000 00000000 00018e1a 1c995f3c 000c0040 2001e000 00000000 00000000 00000000 00000000 00000000 00000000 00000200 73c93000 00000000 00000000 00000000 00000000 00000000 00000000 00000000 00000000 00000000 00000000 00000000 00000000 00000000 742ef000 00000000 742f0000 00000000 742e9000 00000000 742ea000 00000000 00000000 00000000 00000000 00000000 740c1000 00000000 73ea3000 00000000 00000000 00000000 00000db4 00001400 88da4280 10000000 00000000 00000000 00000000 00000000 00000000 00000000 00000000 00000000 00000000 00000000 00000000 00000000 00000000 00000000 00000000 00000000 00000000 00000000 00000000 00000000 00000000 00000000 00000000 0002c8f8 0002a552 0002ec9e 00000000 00000000 00000000 00000000 00000000 00000000 742f6000 00000000 00000000 00000000 00000000 00000000 00000000 00000000 00000000 00000000 00000000 00000000 00000000 00000000
poll 277867: 90101010 00000800 000000f0 ff000000 4090004a 3c044301 00000003 80001600 7388e000 00404800 742df000 0000000f 742fc000 746f0800 748eac00 73ec3000 741e0000 ffd0007c 73ca5000 740e1000 00000000 00000000 0000000c ffffffff ffffffff ffffffff 54551760 76306300 00000000 00000000 00000000 00000000 00000000 00000000 00000000 00018e1a 1c995f3c 000c0040 2001e000 00000000 00000000 00000000 00000000 00000000 00000000 00000200 73c93000 00000000 00000000 00000000 00000000 00000000 00000000 00000000 00000000 00000000 00000000 00000000 00000000 00000000 742ef000 00000000 742f0000 00000000 742e9000 00000000 742ea000 00000000 00000000 00000000 00000000 00000000 740c1000 00000000 73ea3000 00000000 00000000 00000000 00000e91 00001600 88da4280 10000000 00000000 00000000 00000000 00000000 00000000 00000000 00000000 00000000 00000000 00000000 00000000 00000000 00000000 00000000 00000000 00000000 00000000 00000000 00000000 00000000 00000000 00000000 00000000 0002c8f8 0002a552 0002ec9e 00000000 00000000 00000000 00000000 00000000 00000000 742f6000 00000000 00000000 00000000 00000000 00000000 00000000 00000000 00000000 00000000 00000000 00000000 00000000 00000000
poll 277868: 90101010 00000800 000000f0 ff000000 4090004a 3c044301 00000003 80001600 7388e000 00404800 742df000 0000000f 742fc000 746f0800 748eac00 73ec3000 741e0000 ffd0007c 73ca5000 740e1000 00000000 00000000 0000000c ffffffff ffffffff ffffffff 54551760 76306300 00000000 00000000 00000000 00000000 00000000 00000000 00000000 00018e1a 1c995f3c 000c0040 2001e000 00000000 00000000 00000000 00000000 00000000 00000000 00000200 73c93000 00000000 00000000 00000000 00000000 00000000 00000000 00000000 00000000 00000000 00000000 00000000 00000000 00000000 742ef000 00000000 742f0000 00000000 742e9000 00000000 742ea000 00000000 00000000 00000000 00000000 00000000 740c1000 00000000 73ea3000 00000000 00000000 00000000 00000f66 00001700 88da4280 10000000 00000000 00000000 00000000 00000000 00000000 00000000 00000000 00000000 00000000 00000000 00000000 00000000 00000000 00000000 00000000 00000000 00000000 00000000 00000000 00000000 00000000 00000000 00000000 0002c8f8 0002a552 0002ec9e 00000000 00000000 00000000 00000000 00000000 00000000 742f6000 00000000 00000000 00000000 00000000 00000000 00000000 00000000 00000000 00000000 00000000 00000000 00000000 00000000
poll 277869: 90101010 00000800 000000f0 ff000000 4090004a 3c044301 00000003 80001600 7388e000 00404800 742df000 0000000f 742fc000 746f0800 748eac00 73ec3000 741e0000 ffd0007c 73ca5000 740e1000 00000000 00000000 0000000c ffffffff ffffffff ffffffff 54551760 76306300 00000000 00000000 00000000 00000000 00000000 00000000 00000000 00018e1a 1c995f3c 000c0040 2001e000 00000000 00000000 00000000 00000000 00000000 00000000 00000200 73c93000 00000000 00000000 00000000 00000000 00000000 00000000 00000000 00000000 00000000 00000000 00000000 00000000 00000000 742ef000 00000000 742f0000 00000000 742e9000 00000000 742ea000 00000000 00000000 00000000 00000000 00000000 740c1000 00000000 73ea3000 00000000 00000000 00000000 0000103d 00001800 88da4280 10000000 00000000 00000000 00000000 00000000 00000000 00000000 00000000 00000000 00000000 00000000 00000000 00000000 00000000 00000000 00000000 00000000 00000000 00000000 00000000 00000000 00000000 00000000 00000000 0002c8f8 0002a552 0002ec9e 00000000 00000000 00000000 00000000 00000000 00000000 742f6000 00000000 00000000 00000000 00000000 00000000 00000000 00000000 00000000 00000000 00000000 00000000 00000000 00000000
poll 277870: 90101010 00000800 000000f0 ff000000 4090004a 3c044301 00000003 80001600 7388e000 00404800 742df000 0000000f 742fc000 746f0800 748eac00 73ec3000 741e0000 ffd0007c 73ca5000 740e1000 00000000 00000000 0000000c ffffffff ffffffff ffffffff 54551760 76306300 00000000 00000000 00000000 00000000 00000000 00000000 00000000 00018e1a 1c995f3c 000c0040 2001e000 00000000 00000000 00000000 00000000 00000000 00000000 00000200 73c93000 00000000 00000000 00000000 00000000 00000000 00000000 00000000 00000000 00000000 00000000 00000000 00000000 00000000 742ef000 00000000 742f0000 00000000 742e9000 00000000 742ea000 00000000 00000000 00000000 00000000 00000000 740c1000 00000000 73ea3000 00000000 00000000 00000000 0000111c 00001a00 88da4280 10000000 00000000 00000000 00000000 00000000 00000000 00000000 00000000 00000000 00000000 00000000 00000000 00000000 00000000 00000000 00000000 00000000 00000000 00000000 00000000 00000000 00000000 00000000 00000000 0002c8f8 0002a552 0002ec9e 00000000 00000000 00000000 00000000 00000000 00000000 742f6000 00000000 00000000 00000000 00000000 00000000 00000000 00000000 00000000 00000000 00000000 00000000 00000000 00000000
poll 277871: 90101010 00000800 000000f0 ff000000 4090004a 3c044301 00000003 80001600 7388e000 00404800 742df000 0000000f 742fc000 746f0800 748eac00 73ec3000 741e0000 ffd0007c 73ca5000 740e1000 00000000 00000000 0000000c ffffffff ffffffff ffffffff 54551760 76306300 00000000 00000000 00000000 00000000 00000000 00000000 00000000 00018e1a 1c995f3c 000c0040 2001e000 00000000 00000000 00000000 00000000 00000000 00000000 00000200 73c93000 00000000 00000000 00000000 00000000 00000000 00000000 00000000 00000000 00000000 00000000 00000000 00000000 00000000 742ef000 00000000 742f0000 00000000 742e9000 00000000 742ea000 00000000 00000000 00000000 00000000 00000000 740c1000 00000000 73ea3000 00000000 00000000 00000000 000011f0 00001b00 88da4280 10000000 00000000 00000000 00000000 00000000 00000000 00000000 00000000 00000000 00000000 00000000 00000000 00000000 00000000 00000000 00000000 00000000 00000000 00000000 00000000 00000000 00000000 00000000 00000000 0002c8f8 0002a552 0002ec9e 00000000 00000000 00000000 00000000 00000000 00000000 742f6000 00000000 00000000 00000000 00000000 00000000 00000000 00000000 00000000 00000000 00000000 00000000 00000000 00000000
poll 277872: 90101010 00000800 000000f0 ff000000 4090004a 3c044301 00000003 80001600 7388e000 00404800 742df000 0000000f 742fc000 746f0800 748eac00 73ec3000 741e0000 ffd0007c 73ca5000 740e1000 00000000 00000000 0000000c ffffffff ffffffff ffffffff 54551760 76306300 00000000 00000000 00000000 00000000 00000000 00000000 00000000 00018e1a 1c995f3c 000c0040 2001e000 00000000 00000000 00000000 00000000 00000000 00000000 00000200 73c93000 00000000 00000000 00000000 00000000 00000000 00000000 00000000 00000000 00000000 00000000 00000000 00000000 00000000 742ef000 00000000 742f0000 00000000 742e9000 00000000 742ea000 00000000 00000000 00000000 00000000 00000000 740c1000 00000000 73ea3000 00000000 00000000 00000000 000012c6 00001c00 88da4280 10000000 00000000 00000000 00000000 00000000 00000000 00000000 00000000 00000000 00000000 00000000 00000000 00000000 00000000 00000000 00000000 00000000 00000000 00000000 00000000 00000000 00000000 00000000 00000000 0002c8f8 0002a552 0002ec9e 00000000 00000000 00000000 00000000 00000000 00000000 742f6000 00000000 00000000 00000000 00000000 00000000 00000000 00000000 00000000 00000000 00000000 00000000 00000000 00000000
poll 277873: 90101010 00000800 000000f0 ff000000 4090004a 3c044301 00000003 80001600 7388e000 00404800 742df000 0000000f 742fc000 746f0800 748eac00 73ec3000 741e0000 ffd0007c 73ca5000 740e1000 00000000 00000000 0000000c ffffffff ffffffff ffffffff 54551760 76306300 00000000 00000000 00000000 00000000 00000000 00000000 00000000 00018e1a 1c995f3c 000c0040 2001e000 00000000 00000000 00000000 00000000 00000000 00000000 00000200 73c93000 00000000 00000000 00000000 00000000 00000000 00000000 00000000 00000000 00000000 00000000 00000000 00000000 00000000 742ef000 00000000 742f0000 00000000 742e9000 00000000 742ea000 00000000 00000000 00000000 00000000 00000000 740c1000 00000000 73ea3000 00000000 00000000 00000000 0000139c 00001e00 88da4280 10000000 00000000 00000000 00000000 00000000 00000000 00000000 00000000 00000000 00000000 00000000 00000000 00000000 00000000 00000000 00000000 00000000 00000000 00000000 00000000 00000000 00000000 00000000 00000000 0002c8f8 0002a552 0002ec9e 00000000 00000000 00000000 00000000 00000000 00000000 742f6000 00000000 00000000 00000000 00000000 00000000 00000000 00000000 00000000 00000000 00000000 00000000 00000000 00000000
poll 277874: 90101010 00000800 000000f0 ff000000 4090004a 3c044301 00000003 80001600 7388e000 00404800 742df000 0000000f 742fc000 746f0800 748eac00 73ec3000 741e0000 ffd0007c 73ca5000 740e1000 00000000 00000000 0000000c ffffffff ffffffff ffffffff 54551760 76306300 00000000 00000000 00000000 00000000 00000000 00000000 00000000 00018e1a 1c995f3c 000c0040 2001e000 00000000 00000000 00000000 00000000 00000000 00000000 00000200 73c93000 00000000 00000000 00000000 00000000 00000000 00000000 00000000 00000000 00000000 00000000 00000000 00000000 00000000 742ef000 00000000 742f0000 00000000 742e9000 00000000 742ea000 00000000 00000000 00000000 00000000 00000000 740c1000 00000000 73ea3000 00000000 00000000 00000000 0000147b 00001f00 88da4280 10000000 00000000 00000000 00000000 00000000 00000000 00000000 00000000 00000000 00000000 00000000 00000000 00000000 00000000 00000000 00000000 00000000 00000000 00000000 00000000 00000000 00000000 00000000 00000000 0002c8f8 0002a552 0002ec9e 00000000 00000000 00000000 00000000 00000000 00000000 742f6000 00000000 00000000 00000000 00000000 00000000 00000000 00000000 00000000 00000000 00000000 00000000 00000000 00000000
poll 277875: 90101010 00000800 000000f0 ff000000 4090004a 3c044301 00000003 80001600 7388e000 00404800 742df000 0000000f 742fc000 746f0800 748eac00 73ec3000 741e0000 ffd0007c 73ca5000 740e1000 00000000 00000000 0000000c ffffffff ffffffff ffffffff 54551760 76306300 00000000 00000000 00000000 00000000 00000000 00000000 00000000 00018e1a 1c995f3c 000c0040 2001e000 00000000 00000000 00000000 00000000 00000000 00000000 00000200 73c93000 00000000 00000000 00000000 00000000 00000000 00000000 00000000 00000000 00000000 00000000 00000000 00000000 00000000 742ef000 00000000 742f0000 00000000 742e9000 00000000 742ea000 00000000 00000000 00000000 00000000 00000000 740c1000 00000000 73ea3000 00000000 00000000 00000000 00001550 00002000 88da4280 10000000 00000000 00000000 00000000 00000000 00000000 00000000 00000000 00000000 00000000 00000000 00000000 00000000 00000000 00000000 00000000 00000000 00000000 00000000 00000000 00000000 00000000 00000000 00000000 0002c8f8 0002a552 0002ec9e 00000000 00000000 00000000 00000000 00000000 00000000 742f6000 00000000 00000000 00000000 00000000 00000000 00000000 00000000 00000000 00000000 00000000 00000000 00000000 00000000
poll 277876: 90101010 00000800 000000f0 ff000000 4090004a 3c044301 00000003 80001600 7388e000 00404800 742df000 0000000f 742fc000 746f0800 748eac00 73ec3000 741e0000 ffd0007c 73ca5000 740e1000 00000000 00000000 0000000c ffffffff ffffffff ffffffff 54551760 76306300 00000000 00000000 00000000 00000000 00000000 00000000 00000000 00018e1a 1c995f3c 000c0040 2001e000 00000000 00000000 00000000 00000000 00000000 00000000 00000200 73c93000 00000000 00000000 00000000 00000000 00000000 00000000 00000000 00000000 00000000 00000000 00000000 00000000 00000000 742ef000 00000000 742f0000 00000000 742e9000 00000000 742ea000 00000000 00000000 00000000 00000000 00000000 740c1000 00000000 73ea3000 00000000 00000000 00000000 00001625 00002200 88da4280 10000000 00000000 00000000 00000000 00000000 00000000 00000000 00000000 00000000 00000000 00000000 00000000 00000000 00000000 00000000 00000000 00000000 00000000 00000000 00000000 00000000 00000000 00000000 00000000 0002c8f8 0002a552 0002ec9e 00000000 00000000 00000000 00000000 00000000 00000000 742f6000 00000000 00000000 00000000 00000000 00000000 00000000 00000000 00000000 00000000 00000000 00000000 00000000 00000000
poll 277877: 90101010 00000800 000000f0 ff000000 4090004a 3c044301 00000003 80001600 7388e000 00404800 742df000 0000000f 742fc000 746f0800 748eac00 73ec3000 741e0000 ffd0007c 73ca5000 740e1000 00000000 00000000 0000000c ffffffff ffffffff ffffffff 54551760 76306300 00000000 00000000 00000000 00000000 00000000 00000000 00000000 00018e1a 1c995f3c 000c0040 2001e000 00000000 00000000 00000000 00000000 00000000 00000000 00000200 73c93000 00000000 00000000 00000000 00000000 00000000 00000000 00000000 00000000 00000000 00000000 00000000 00000000 00000000 742ef000 00000000 742f0000 00000000 742e9000 00000000 742ea000 00000000 00000000 00000000 00000000 00000000 740c1000 00000000 73ea3000 00000000 00000000 00000000 00001704 00002300 88da4280 10000000 00000000 00000000 00000000 00000000 00000000 00000000 00000000 00000000 00000000 00000000 00000000 00000000 00000000 00000000 00000000 00000000 00000000 00000000 00000000 00000000 00000000 00000000 00000000 0002c8f8 0002a552 0002ec9e 00000000 00000000 00000000 00000000 00000000 00000000 742f6000 00000000 00000000 00000000 00000000 00000000 00000000 00000000 00000000 00000000 00000000 00000000 00000000 00000000
poll 277878: 90101010 00000800 000000f0 ff000000 4090004a 3c044301 00000003 80001600 7388e000 00404800 742df000 0000000f 742fc000 746f0800 748eac00 73ec3000 741e0000 ffd0007c 73ca5000 740e1000 00000000 00000000 0000000c ffffffff ffffffff ffffffff 54551760 76306300 00000000 00000000 00000000 00000000 00000000 00000000 00000000 00018e1a 1c995f3c 000c0040 2001e000 00000000 00000000 00000000 00000000 00000000 00000000 00000200 73c93000 00000000 00000000 00000000 00000000 00000000 00000000 00000000 00000000 00000000 00000000 00000000 00000000 00000000 742ef000 00000000 742f0000 00000000 742e9000 00000000 742ea000 00000000 00000000 00000000 00000000 00000000 740c1000 00000000 73ea3000 00000000 00000000 00000000 000017d9 00002400 88da4280 10000000 00000000 00000000 00000000 00000000 00000000 00000000 00000000 00000000 00000000 00000000 00000000 00000000 00000000 00000000 00000000 00000000 00000000 00000000 00000000 00000000 00000000 00000000 00000000 0002c8f8 0002a552 0002ec9e 00000000 00000000 00000000 00000000 00000000 00000000 742f6000 00000000 00000000 00000000 00000000 00000000 00000000 00000000 00000000 00000000 00000000 00000000 00000000 00000000
poll 277879: 90101010 00000800 000000f0 ff000000 4090004a 3c044301 00000003 80001600 7388e000 00404800 742df000 0000000f 742fc000 746f0800 748eac00 73ec3000 741e0000 ffd0007c 73ca5000 740e1000 00000000 00000000 0000000c ffffffff ffffffff ffffffff 54551760 76306300 00000000 00000000 00000000 00000000 00000000 00000000 00000000 00018e1a 1c995f3c 000c0040 2001e000 00000000 00000000 00000000 00000000 00000000 00000000 00000200 73c93000 00000000 00000000 00000000 00000000 00000000 00000000 00000000 00000000 00000000 00000000 00000000 00000000 00000000 742ef000 00000000 742f0000 00000000 742e9000 00000000 742ea000 00000000 00000000 00000000 00000000 00000000 740c1000 00000000 73ea3000 00000000 00000000 00000000 000018ad 00002500 88da4280 10000000 00000000 00000000 00000000 00000000 00000000 00000000 00000000 00000000 00000000 00000000 00000000 00000000 00000000 00000000 00000000 00000000 00000000 00000000 00000000 00000000 00000000 00000000 00000000 0002c8f8 0002a552 0002ec9e 00000000 00000000 00000000 00000000 00000000 00000000 742f6000 00000000 00000000 00000000 00000000 00000000 00000000 00000000 00000000 00000000 00000000 00000000 00000000 00000000
poll 277880: 90101010 00000800 000000f0 ff000000 4090004a 3c044301 00000003 80001600 7388e000 00404800 742df000 0000000f 742fc000 746f0800 748eac00 73ec3000 741e0000 ffd0007c 73ca5000 740e1000 00000000 00000000 0000000c ffffffff ffffffff ffffffff 54551760 76306300 00000000 00000000 00000000 00000000 00000000 00000000 00000000 00018e1a 1c995f3c 000c0040 2001e000 00000000 00000000 00000000 00000000 00000000 00000000 00000200 73c93000 00000000 00000000 00000000 00000000 00000000 00000000 00000000 00000000 00000000 00000000 00000000 00000000 00000000 742ef000 00000000 742f0000 00000000 742e9000 00000000 742ea000 00000000 00000000 00000000 00000000 00000000 740c1000 00000000 73ea3000 00000000 00000000 00000000 00001983 00002700 88da4280 10000000 00000000 00000000 00000000 00000000 00000000 00000000 00000000 00000000 00000000 00000000 00000000 00000000 00000000 00000000 00000000 00000000 00000000 00000000 00000000 00000000 00000000 00000000 00000000 0002c8f8 0002a552 0002ec9e 00000000 00000000 00000000 00000000 00000000 00000000 742f6000 00000000 00000000 00000000 00000000 00000000 00000000 00000000 00000000 00000000 00000000 00000000 00000000 00000000
poll 277881: 90101010 00000800 000000f0 ff000000 4090004a 3c044301 00000003 80001600 7388e000 00404800 742df000 0000000f 742fc000 746f0800 748eac00 73ec3000 741e0000 ffd0007c 73ca5000 740e1000 00000000 00000000 0000000c ffffffff ffffffff ffffffff 54551760 76306300 00000000 00000000 00000000 00000000 00000000 00000000 00000000 00018e1a 1c995f3c 000c0040 2001e000 00000000 00000000 00000000 00000000 00000000 00000000 00000200 73c93000 00000000 00000000 00000000 00000000 00000000 00000000 00000000 00000000 00000000 00000000 00000000 00000000 00000000 742ef000 00000000 742f0000 00000000 742e9000 00000000 742ea000 00000000 00000000 00000000 00000000 00000000 740c1000 00000000 73ea3000 00000000 00000000 00000000 00001a62 00002800 88da4280 10000000 00000000 00000000 00000000 00000000 00000000 00000000 00000000 00000000 00000000 00000000 00000000 00000000 00000000 00000000 00000000 00000000 00000000 00000000 00000000 00000000 00000000 00000000 00000000 0002c8f8 0002a552 0002ec9e 00000000 00000000 00000000 00000000 00000000 00000000 742f6000 00000000 00000000 00000000 00000000 00000000 00000000 00000000 00000000 00000000 00000000 00000000 00000000 00000000
poll 277882: 90101010 00000800 000000f0 ff000000 4090004a 3c044301 00000003 80001600 7388e000 00404800 742df000 0000000f 742fc000 746f0800 748eac00 73ec3000 741e0000 ffd0007c 73ca5000 740e1000 00000000 00000000 0000000c ffffffff ffffffff ffffffff 54551760 76306300 00000000 00000000 00000000 00000000 00000000 00000000 00000000 00018e1a 1c995f3c 000c0040 2001e000 00000000 00000000 00000000 00000000 00000000 00000000 00000200 73c93000 00000000 00000000 00000000 00000000 00000000 00000000 00000000 00000000 00000000 00000000 00000000 00000000 00000000 742ef000 00000000 742f0000 00000000 742e9000 00000000 742ea000 00000000 00000000 00000000 00000000 00000000 740c1000 00000000 73ea3000 00000000 00000000 00000000 00001b35 00002900 88da4280 10000000 00000000 00000000 00000000 00000000 00000000 00000000 00000000 00000000 00000000 00000000 00000000 00000000 00000000 00000000 00000000 00000000 00000000 00000000 00000000 00000000 00000000 00000000 00000000 0002c8f8 0002a552 0002ec9e 00000000 00000000 00000000 00000000 00000000 00000000 742f6000 00000000 00000000 00000000 00000000 00000000 00000000 00000000 00000000 00000000 00000000 00000000 00000000 00000000
poll 277883: 90101010 00000800 000000f0 ff000000 4090004a 3c044301 00000003 80001600 7388e000 00404800 742df000 0000000f 742fc000 746f0800 748eac00 73ec3000 741e0000 ffd0007c 73ca5000 740e1000 00000000 00000000 0000000c ffffffff ffffffff ffffffff 54551760 76306300 00000000 00000000 00000000 00000000 00000000 00000000 00000000 00018e1a 1c995f3c 000c0040 2001e000 00000000 00000000 00000000 00000000 00000000 00000000 00000200 73c93000 00000000 00000000 00000000 00000000 00000000 00000000 00000000 00000000 00000000 00000000 00000000 00000000 00000000 742ef000 00000000 742f0000 00000000 742e9000 00000000 742ea000 00000000 00000000 00000000 00000000 00000000 740c1000 00000000 73ea3000 00000000 00000000 00000000 00001c0c 00002b00 88da4280 10000000 00000000 00000000 00000000 00000000 00000000 00000000 00000000 00000000 00000000 00000000 00000000 00000000 00000000 00000000 00000000 00000000 00000000 00000000 00000000 00000000 00000000 00000000 00000000 0002c8f8 0002a552 0002ec9e 00000000 00000000 00000000 00000000 00000000 00000000 742f6000 00000000 00000000 00000000 00000000 00000000 00000000 00000000 00000000 00000000 00000000 00000000 00000000 00000000
poll 277884: 90101010 00000800 000000f0 ff000000 4090004a 3c044301 00000003 80001600 7388e000 00404800 742df000 0000000f 742fc000 746f0800 748eac00 73ec3000 741e0000 ffd0007c 73ca5000 740e1000 00000000 00000000 0000000c ffffffff ffffffff ffffffff 54551760 76306300 00000000 00000000 00000000 00000000 00000000 00000000 00000000 00018e1a 1c995f3c 000c0040 2001e000 00000000 00000000 00000000 00000000 00000000 00000000 00000200 73c93000 00000000 00000000 00000000 00000000 00000000 00000000 00000000 00000000 00000000 00000000 00000000 00000000 00000000 742ef000 00000000 742f0000 00000000 742e9000 00000000 742ea000 00000000 00000000 00000000 00000000 00000000 740c1000 00000000 73ea3000 00000000 00000000 00000000 00001ceb 00002c00 88da4280 10000000 00000000 00000000 00000000 00000000 00000000 00000000 00000000 00000000 00000000 00000000 00000000 00000000 00000000 00000000 00000000 00000000 00000000 00000000 00000000 00000000 00000000 00000000 00000000 0002c8f8 0002a552 0002ec9e 00000000 00000000 00000000 00000000 00000000 00000000 742f6000 00000000 00000000 00000000 00000000 00000000 00000000 00000000 00000000 00000000 00000000 00000000 00000000 00000000
poll 277885: 90101010 00000800 000000f0 ff000000 4090004a 3c044301 00000003 80001600 7388e000 00404800 742df000 0000000f 742fc000 746f0800 748eac00 73ec3000 741e0000 ffd0007c 73ca5000 740e1000 00000000 00000000 0000000c ffffffff ffffffff ffffffff 54551760 76306300 00000000 00000000 00000000 00000000 00000000 00000000 00000000 00018e1a 1c995f3c 000c0040 2001e000 00000000 00000000 00000000 00000000 00000000 00000000 00000200 73c93000 00000000 00000000 00000000 00000000 00000000 00000000 00000000 00000000 00000000 00000000 00000000 00000000 00000000 742ef000 00000000 742f0000 00000000 742e9000 00000000 742ea000 00000000 00000000 00000000 00000000 00000000 740c1000 00000000 73ea3000 00000000 00000000 00000000 00001dbf 00002d00 88da4280 10000000 00000000 00000000 00000000 00000000 00000000 00000000 00000000 00000000 00000000 00000000 00000000 00000000 00000000 00000000 00000000 00000000 00000000 00000000 00000000 00000000 00000000 00000000 00000000 0002c8f8 0002a552 0002ec9e 00000000 00000000 00000000 00000000 00000000 00000000 742f6000 00000000 00000000 00000000 00000000 00000000 00000000 00000000 00000000 00000000 00000000 00000000 00000000 00000000
poll 277886: 90101010 00000800 000000f0 ff000000 4090004a 3c044301 00000003 80001600 7388e000 00404800 742df000 0000000f 742fc000 746f0800 748eac00 73ec3000 741e0000 ffd0007c 73ca5000 740e1000 00000000 00000000 0000000c ffffffff ffffffff ffffffff 54551760 76306300 00000000 00000000 00000000 00000000 00000000 00000000 00000000 00018e1a 1c995f3c 000c0040 2001e000 00000000 00000000 00000000 00000000 00000000 00000000 00000200 73c93000 00000000 00000000 00000000 00000000 00000000 00000000 00000000 00000000 00000000 00000000 00000000 00000000 00000000 742ef000 00000000 742f0000 00000000 742e9000 00000000 742ea000 00000000 00000000 00000000 00000000 00000000 740c1000 00000000 73ea3000 00000000 00000000 00000000 00001e93 00002e00 88da4280 10000000 00000000 00000000 00000000 00000000 00000000 00000000 00000000 00000000 00000000 00000000 00000000 00000000 00000000 00000000 00000000 00000000 00000000 00000000 00000000 00000000 00000000 00000000 00000000 0002c8f8 0002a552 0002ec9e 00000000 00000000 00000000 00000000 00000000 00000000 742f6000 00000000 00000000 00000000 00000000 00000000 00000000 00000000 00000000 00000000 00000000 00000000 00000000 00000000
poll 277887: 90101010 00000800 000000f0 ff000000 4090004a 3c044301 00000003 80001600 7388e000 00404800 742df000 0000000f 742fc000 746f0800 748eac00 73ec3000 741e0000 ffd0007c 73ca5000 740e1000 00000000 00000000 0000000c ffffffff ffffffff ffffffff 54551760 76306300 00000000 00000000 00000000 00000000 00000000 00000000 00000000 00018e1a 1c995f3c 000c0040 2001e000 00000000 00000000 00000000 00000000 00000000 00000000 00000200 73c93000 00000000 00000000 00000000 00000000 00000000 00000000 00000000 00000000 00000000 00000000 00000000 00000000 00000000 742ef000 00000000 742f0000 00000000 742e9000 00000000 742ea000 00000000 00000000 00000000 00000000 00000000 740c1000 00000000 73ea3000 00000000 00000000 00000000 00001f68 00003000 88da4280 10000000 00000000 00000000 00000000 00000000 00000000 00000000 00000000 00000000 00000000 00000000 00000000 00000000 00000000 00000000 00000000 00000000 00000000 00000000 00000000 00000000 00000000 00000000 00000000 0002c8f8 0002a552 0002ec9e 00000000 00000000 00000000 00000000 00000000 00000000 742f6000 00000000 00000000 00000000 00000000 00000000 00000000 00000000 00000000 00000000 00000000 00000000 00000000 00000000
poll 534082: 90101010 00000800 000000f0 ff000000 4090004a 3c044301 00000003 80001500 7388e000 00404800 742df000 00000010 742fc000 746f0800 748eac00 73ca5000 740e1000 ffd0007c 73ec3000 741e0000 00000000 00000000 0000000c ffffffff ffffffff ffffffff 54551760 76306300 00000000 00000000 00000000 00000000 00000000 00000000 00000000 00018e1a 1c995f3c 00080030 2001e000 00000000 00000000 00000000 00000000 00000000 00000000 00000200 73c93000 00000000 00000000 00000000 00000000 00000000 00000000 00000000 00000000 00000000 00000000 00000000 00000000 00000000 742e9000 00000000 742ea000 00000000 742ef000 00000000 742f0000 00000000 00000000 00000000 00000000 00000000 73ea3000 00000000 740c1000 00000000 00000000 00000000 0000003d 00000000 88da4280 10000000 00000000 00000000 00000000 00000000 00000000 00000000 00000000 00000000 00000000 00000000 00000000 00000000 00000000 00000000 00000000 00000000 00000000 00000000 00000000 00000000 00000000 00000000 00000000 0002dfd5 0000dcbf 0005bfaa 00000000 00000000 00000000 00000000 00000000 00000000 742f5000 00000000 00000000 00000000 00000000 00000000 00000000 00000000 00000000 00000000 00000000 00000000 00000000 00000000
poll 534083: 90101010 00000800 000000f0 ff000000 4090004a 3c044301 00000003 80001500 7388e000 00404800 742df000 00000010 742fc000 746f0800 748eac00 73ca5000 740e1000 ffd0007c 73ec3000 741e0000 00000000 00000000 0000000c ffffffff ffffffff ffffffff 54551760 76306300 00000000 00000000 00000000 00000000 00000000 00000000 00000000 00018e1a 1c995f3c 00080030 2001e000 00000000 00000000 00000000 00000000 00000000 00000000 00000200 73c93000 00000000 00000000 00000000 00000000 00000000 00000000 00000000 00000000 00000000 00000000 00000000 00000000 00000000 742e9000 00000000 742ea000 00000000 742ef000 00000000 742f0000 00000000 00000000 00000000 00000000 00000000 73ea3000 00000000 740c1000 00000000 00000000 00000000 0000012a 00000300 88da4280 10000000 00000000 00000000 00000000 00000000 00000000 00000000 00000000 00000000 00000000 00000000 00000000 00000000 00000000 00000000 00000000 00000000 00000000 00000000 00000000 00000000 00000000 00000000 00000000 0002dfd5 0000dcbf 0005bfaa 00000000 00000000 00000000 00000000 00000000 00000000 742f5000 00000000 00000000 00000000 00000000 00000000 00000000 00000000 00000000 00000000 00000000 00000000 00000000 00000000
poll 534084: 90101010 00000800 000000f0 ff000000 4090004a 3c044301 00000003 80001500 7388e000 00404800 742df000 00000010 742fc000 746f0800 748eac00 73ca5000 740e1000 ffd0007c 73ec3000 741e0000 00000000 00000000 0000000c ffffffff ffffffff ffffffff 54551760 76306300 00000000 00000000 00000000 00000000 00000000 00000000 00000000 00018e1a 1c995f3c 00080030 2001e000 00000000 00000000 00000000 00000000 00000000 00000000 00000200 73c93000 00000000 00000000 00000000 00000000 00000000 00000000 00000000 00000000 00000000 00000000 00000000 00000000 00000000 742e9000 00000000 742ea000 00000000 742ef000 00000000 742f0000 00000000 00000000 00000000 00000000 00000000 73ea3000 00000000 740c1000 00000000 00000000 00000000 00000200 00000600 88da4280 10000000 00000000 00000000 00000000 00000000 00000000 00000000 00000000 00000000 00000000 00000000 00000000 00000000 00000000 00000000 00000000 00000000 00000000 00000000 00000000 00000000 00000000 00000000 00000000 0002dfd5 0000dcbf 0005bfaa 00000000 00000000 00000000 00000000 00000000 00000000 742f5000 00000000 00000000 00000000 00000000 00000000 00000000 00000000 00000000 00000000 00000000 00000000 00000000 00000000
poll 534085: 90101010 00000800 000000f0 ff000000 4090004a 3c044301 00000003 80001500 7388e000 00404800 742df000 00000010 742fc000 746f0800 748eac00 73ca5000 740e1000 ffd0007c 73ec3000 741e0000 00000000 00000000 0000000c ffffffff ffffffff ffffffff 54551760 76306300 00000000 00000000 00000000 00000000 00000000 00000000 00000000 00018e1a 1c995f3c 00080030 2001e000 00000000 00000000 00000000 00000000 00000000 00000000 00000200 73c93000 00000000 00000000 00000000 00000000 00000000 00000000 00000000 00000000 00000000 00000000 00000000 00000000 00000000 742e9000 00000000 742ea000 00000000 742ef000 00000000 742f0000 00000000 00000000 00000000 00000000 00000000 73ea3000 00000000 740c1000 00000000 00000000 00000000 00000338 00000a00 88da4280 10000000 00000000 00000000 00000000 00000000 00000000 00000000 00000000 00000000 00000000 00000000 00000000 00000000 00000000 00000000 00000000 00000000 00000000 00000000 00000000 00000000 00000000 00000000 00000000 0002dfd5 0000dcbf 0005bfaa 00000000 00000000 00000000 00000000 00000000 00000000 742f5000 00000000 00000000 00000000 00000000 00000000 00000000 00000000 00000000 00000000 00000000 00000000 00000000 00000000
poll 534086: 90101010 00000800 000000f0 ff000000 4090004a 3c044301 00000003 80001500 7388e000 00404800 742df000 00000010 742fc000 746f0800 748eac00 73ca5000 740e1000 ffd0007c 73ec3000 741e0000 00000000 00000000 0000000c ffffffff ffffffff ffffffff 54551760 76306300 00000000 00000000 00000000 00000000 00000000 00000000 00000000 00018e1a 1c995f3c 00080030 2001e000 00000000 00000000 00000000 00000000 00000000 00000000 00000200 73c93000 00000000 00000000 00000000 00000000 00000000 00000000 00000000 00000000 00000000 00000000 00000000 00000000 00000000 742e9000 00000000 742ea000 00000000 742ef000 00000000 742f0000 00000000 00000000 00000000 00000000 00000000 73ea3000 00000000 740c1000 00000000 00000000 00000000 0000040c 00000c00 88da4280 10000000 00000000 00000000 00000000 00000000 00000000 00000000 00000000 00000000 00000000 00000000 00000000 00000000 00000000 00000000 00000000 00000000 00000000 00000000 00000000 00000000 00000000 00000000 00000000 0002dfd5 0000dcbf 0005bfaa 00000000 00000000 00000000 00000000 00000000 00000000 742f5000 00000000 00000000 00000000 00000000 00000000 00000000 00000000 00000000 00000000 00000000 00000000 00000000 00000000
poll 534087: 90101010 00000800 000000f0 ff000000 4090004a 3c044301 00000003 80001500 7388e000 00404800 742df000 00000010 742fc000 746f0800 748eac00 73ca5000 740e1000 ffd0007c 73ec3000 741e0000 00000000 00000000 0000000c ffffffff ffffffff ffffffff 54551760 76306300 00000000 00000000 00000000 00000000 00000000 00000000 00000000 00018e1a 1c995f3c 00080030 2001e000 00000000 00000000 00000000 00000000 00000000 00000000 00000200 73c93000 00000000 00000000 00000000 00000000 00000000 00000000 00000000 00000000 00000000 00000000 00000000 00000000 00000000 742e9000 00000000 742ea000 00000000 742ef000 00000000 742f0000 00000000 00000000 00000000 00000000 00000000 73ea3000 00000000 740c1000 00000000 00000000 00000000 000004e2 00000e00 88da4280 10000000 00000000 00000000 00000000 00000000 00000000 00000000 00000000 00000000 00000000 00000000 00000000 00000000 00000000 00000000 00000000 00000000 00000000 00000000 00000000 00000000 00000000 00000000 00000000 0002dfd5 0000dcbf 0005bfaa 00000000 00000000 00000000 00000000 00000000 00000000 742f5000 00000000 00000000 00000000 00000000 00000000 00000000 00000000 00000000 00000000 00000000 00000000 00000000 00000000
poll 534088: 90101010 00000800 000000f0 ff000000 4090004a 3c044301 00000003 80001500 7388e000 00404800 742df000 00000010 742fc000 746f0800 748eac00 73ca5000 740e1000 ffd0007c 73ec3000 741e0000 00000000 00000000 0000000c ffffffff ffffffff ffffffff 54551760 76306300 00000000 00000000 00000000 00000000 00000000 00000000 00000000 00018e1a 1c995f3c 00080030 2001e000 00000000 00000000 00000000 00000000 00000000 00000000 00000200 73c93000 00000000 00000000 00000000 00000000 00000000 00000000 00000000 00000000 00000000 00000000 00000000 00000000 00000000 742e9000 00000000 742ea000 00000000 742ef000 00000000 742f0000 00000000 00000000 00000000 00000000 00000000 73ea3000 00000000 740c1000 00000000 00000000 00000000 000005b7 00001000 88da4280 10000000 00000000 00000000 00000000 00000000 00000000 00000000 00000000 00000000 00000000 00000000 00000000 00000000 00000000 00000000 00000000 00000000 00000000 00000000 00000000 00000000 00000000 00000000 00000000 0002dfd5 0000dcbf 0005bfaa 00000000 00000000 00000000 00000000 00000000 00000000 742f5000 00000000 00000000 00000000 00000000 00000000 00000000 00000000 00000000 00000000 00000000 00000000 00000000 00000000
poll 534089: 90101010 00000800 000000f0 ff000000 4090004a 3c044301 00000003 80001500 7388e000 00404800 742df000 00000010 742fc000 746f0800 748eac00 73ca5000 740e1000 ffd0007c 73ec3000 741e0000 00000000 00000000 0000000c ffffffff ffffffff ffffffff 54551760 76306300 00000000 00000000 00000000 00000000 00000000 00000000 00000000 00018e1a 1c995f3c 00080030 2001e000 00000000 00000000 00000000 00000000 00000000 00000000 00000200 73c93000 00000000 00000000 00000000 00000000 00000000 00000000 00000000 00000000 00000000 00000000 00000000 00000000 00000000 742e9000 00000000 742ea000 00000000 742ef000 00000000 742f0000 00000000 00000000 00000000 00000000 00000000 73ea3000 00000000 740c1000 00000000 00000000 00000000 00000697 00001300 88da4280 10000000 00000000 00000000 00000000 00000000 00000000 00000000 00000000 00000000 00000000 00000000 00000000 00000000 00000000 00000000 00000000 00000000 00000000 00000000 00000000 00000000 00000000 00000000 00000000 0002dfd5 0000dcbf 0005bfaa 00000000 00000000 00000000 00000000 00000000 00000000 742f5000 00000000 00000000 00000000 00000000 00000000 00000000 00000000 00000000 00000000 00000000 00000000 00000000 00000000
poll 534090: 90101010 00000800 000000f0 ff000000 4090004a 3c044301 00000003 80001500 7388e000 00404800 742df000 00000010 742fc000 746f0800 748eac00 73ca5000 740e1000 ffd0007c 73ec3000 741e0000 00000000 00000000 0000000c ffffffff ffffffff ffffffff 54551760 76306300 00000000 00000000 00000000 00000000 00000000 00000000 00000000 00018e1a 1c995f3c 00080030 2001e000 00000000 00000000 00000000 00000000 00000000 00000000 00000200 73c93000 00000000 00000000 00000000 00000000 00000000 00000000 00000000 00000000 00000000 00000000 00000000 00000000 00000000 742e9000 00000000 742ea000 00000000 742ef000 00000000 742f0000 00000000 00000000 00000000 00000000 00000000 73ea3000 00000000 740c1000 00000000 00000000 00000000 0000076c 00001500 88da4280 10000000 00000000 00000000 00000000 00000000 00000000 00000000 00000000 00000000 00000000 00000000 00000000 00000000 00000000 00000000 00000000 00000000 00000000 00000000 00000000 00000000 00000000 00000000 00000000 0002dfd5 0000dcbf 0005bfaa 00000000 00000000 00000000 00000000 00000000 00000000 742f5000 00000000 00000000 00000000 00000000 00000000 00000000 00000000 00000000 00000000 00000000 00000000 00000000 00000000
poll 534091: 90101010 00000800 000000f0 ff000000 4090004a 3c044301 00000003 80001500 7388e000 00404800 742df000 00000010 742fc000 746f0800 748eac00 73ca5000 740e1000 ffd0007c 73ec3000 741e0000 00000000 00000000 0000000c ffffffff ffffffff ffffffff 54551760 76306300 00000000 00000000 00000000 00000000 00000000 00000000 00000000 00018e1a 1c995f3c 00080030 2001e000 00000000 00000000 00000000 00000000 00000000 00000000 00000200 73c93000 00000000 00000000 00000000 00000000 00000000 00000000 00000000 00000000 00000000 00000000 00000000 00000000 00000000 742e9000 00000000 742ea000 00000000 742ef000 00000000 742f0000 00000000 00000000 00000000 00000000 00000000 73ea3000 00000000 740c1000 00000000 00000000 00000000 00000842 00001700 88da4280 10000000 00000000 00000000 00000000 00000000 00000000 00000000 00000000 00000000 00000000 00000000 00000000 00000000 00000000 00000000 00000000 00000000 00000000 00000000 00000000 00000000 00000000 00000000 00000000 0002dfd5 0000dcbf 0005bfaa 00000000 00000000 00000000 00000000 00000000 00000000 742f5000 00000000 00000000 00000000 00000000 00000000 00000000 00000000 00000000 00000000 00000000 00000000 00000000 00000000
poll 534092: 90101010 00000800 000000f0 ff000000 4090004a 3c044301 00000003 80001500 7388e000 00404800 742df000 00000010 742fc000 746f0800 748eac00 73ca5000 740e1000 ffd0007c 73ec3000 741e0000 00000000 00000000 0000000c ffffffff ffffffff ffffffff 54551760 76306300 00000000 00000000 00000000 00000000 00000000 00000000 00000000 00018e1a 1c995f3c 00080030 2001e000 00000000 00000000 00000000 00000000 00000000 00000000 00000200 73c93000 00000000 00000000 00000000 00000000 00000000 00000000 00000000 00000000 00000000 00000000 00000000 00000000 00000000 742e9000 00000000 742ea000 00000000 742ef000 00000000 742f0000 00000000 00000000 00000000 00000000 00000000 73ea3000 00000000 740c1000 00000000 00000000 00000000 00000921 00001a00 88da4280 10000000 00000000 00000000 00000000 00000000 00000000 00000000 00000000 00000000 00000000 00000000 00000000 00000000 00000000 00000000 00000000 00000000 00000000 00000000 00000000 00000000 00000000 00000000 00000000 0002dfd5 0000dcbf 0005bfaa 00000000 00000000 00000000 00000000 00000000 00000000 742f5000 00000000 00000000 00000000 00000000 00000000 00000000 00000000 00000000 00000000 00000000 00000000 00000000 00000000
poll 534093: 90101010 00000800 000000f0 ff000000 4090004a 3c044301 00000003 80001500 7388e000 00404800 742df000 00000010 742fc000 746f0800 748eac00 73ca5000 740e1000 ffd0007c 73ec3000 741e0000 00000000 00000000 0000000c ffffffff ffffffff ffffffff 54551760 76306300 00000000 00000000 00000000 00000000 00000000 00000000 00000000 00018e1a 1c995f3c 00080030 2001e000 00000000 00000000 00000000 00000000 00000000 00000000 00000200 73c93000 00000000 00000000 00000000 00000000 00000000 00000000 00000000 00000000 00000000 00000000 00000000 00000000 00000000 742e9000 00000000 742ea000 00000000 742ef000 00000000 742f0000 00000000 00000000 00000000 00000000 00000000 73ea3000 00000000 740c1000 00000000 00000000 00000000 000009f5 00001d00 88da4280 10000000 00000000 00000000 00000000 00000000 00000000 00000000 00000000 00000000 00000000 00000000 00000000 00000000 00000000 00000000 00000000 00000000 00000000 00000000 00000000 00000000 00000000 00000000 00000000 0002dfd5 0000dcbf 0005bfaa 00000000 00000000 00000000 00000000 00000000 00000000 742f5000 00000000 00000000 00000000 00000000 00000000 00000000 00000000 00000000 00000000 00000000 00000000 00000000 00000000
poll 534094: 90101010 00000800 000000f0 ff000000 4090004a 3c044301 00000003 80001500 7388e000 00404800 742df000 00000010 742fc000 746f0800 748eac00 73ca5000 740e1000 ffd0007c 73ec3000 741e0000 00000000 00000000 0000000c ffffffff ffffffff ffffffff 54551760 76306300 00000000 00000000 00000000 00000000 00000000 00000000 00000000 00018e1a 1c995f3c 00080030 2001e000 00000000 00000000 00000000 00000000 00000000 00000000 00000200 73c93000 00000000 00000000 00000000 00000000 00000000 00000000 00000000 00000000 00000000 00000000 00000000 00000000 00000000 742e9000 00000000 742ea000 00000000 742ef000 00000000 742f0000 00000000 00000000 00000000 00000000 00000000 73ea3000 00000000 740c1000 00000000 00000000 00000000 00000aca 00001f00 88da4280 10000000 00000000 00000000 00000000 00000000 00000000 00000000 00000000 00000000 00000000 00000000 00000000 00000000 00000000 00000000 00000000 00000000 00000000 00000000 00000000 00000000 00000000 00000000 00000000 0002dfd5 0000dcbf 0005bfaa 00000000 00000000 00000000 00000000 00000000 00000000 742f5000 00000000 00000000 00000000 00000000 00000000 00000000 00000000 00000000 00000000 00000000 00000000 00000000 00000000
poll 534095: 90101010 00000800 000000f0 ff000000 4090004a 3c044301 00000003 80001500 7388e000 00404800 742df000 00000010 742fc000 746f0800 748eac00 73ca5000 740e1000 ffd0007c 73ec3000 741e0000 00000000 00000000 0000000c ffffffff ffffffff ffffffff 54551760 76306300 00000000 00000000 00000000 00000000 00000000 00000000 00000000 00018e1a 1c995f3c 00080030 2001e000 00000000 00000000 00000000 00000000 00000000 00000000 00000200 73c93000 00000000 00000000 00000000 00000000 00000000 00000000 00000000 00000000 00000000 00000000 00000000 00000000 00000000 742e9000 00000000 742ea000 00000000 742ef000 00000000 742f0000 00000000 00000000 00000000 00000000 00000000 73ea3000 00000000 740c1000 00000000 00000000 00000000 00000ba0 00002100 88da4280 10000000 00000000 00000000 00000000 00000000 00000000 00000000 00000000 00000000 00000000 00000000 00000000 00000000 00000000 00000000 00000000 00000000 00000000 00000000 00000000 00000000 00000000 00000000 00000000 0002dfd5 0000dcbf 0005bfaa 00000000 00000000 00000000 00000000 00000000 00000000 742f5000 00000000 00000000 00000000 00000000 00000000 00000000 00000000 00000000 00000000 00000000 00000000 00000000 00000000
poll 534096: 90101010 00000800 000000f0 ff000000 4090004a 3c044301 00000003 80001500 7388e000 00404800 742df000 00000010 742fc000 746f0800 748eac00 73ca5000 740e1000 ffd0007c 73ec3000 741e0000 00000000 00000000 0000000c ffffffff ffffffff ffffffff 54551760 76306300 00000000 00000000 00000000 00000000 00000000 00000000 00000000 00018e1a 1c995f3c 00080030 2001e000 00000000 00000000 00000000 00000000 00000000 00000000 00000200 73c93000 00000000 00000000 00000000 00000000 00000000 00000000 00000000 00000000 00000000 00000000 00000000 00000000 00000000 742e9000 00000000 742ea000 00000000 742ef000 00000000 742f0000 00000000 00000000 00000000 00000000 00000000 73ea3000 00000000 740c1000 00000000 00000000 00000000 00000c7d 00002300 88da4280 10000000 00000000 00000000 00000000 00000000 00000000 00000000 00000000 00000000 00000000 00000000 00000000 00000000 00000000 00000000 00000000 00000000 00000000 00000000 00000000 00000000 00000000 00000000 00000000 0002dfd5 0000dcbf 0005bfaa 00000000 00000000 00000000 00000000 00000000 00000000 742f5000 00000000 00000000 00000000 00000000 00000000 00000000 00000000 00000000 00000000 00000000 00000000 00000000 00000000
poll 534097: 90101010 00000800 000000f0 ff000000 4090004a 3c044301 00000003 80001500 7388e000 00404800 742df000 00000010 742fc000 746f0800 748eac00 73ca5000 740e1000 ffd0007c 73ec3000 741e0000 00000000 00000000 0000000c ffffffff ffffffff ffffffff 54551760 76306300 00000000 00000000 00000000 00000000 00000000 00000000 00000000 00018e1a 1c995f3c 00080030 2001e000 00000000 00000000 00000000 00000000 00000000 00000000 00000200 73c93000 00000000 00000000 00000000 00000000 00000000 00000000 00000000 00000000 00000000 00000000 00000000 00000000 00000000 742e9000 00000000 742ea000 00000000 742ef000 00000000 742f0000 00000000 00000000 00000000 00000000 00000000 73ea3000 00000000 740c1000 00000000 00000000 00000000 00000d53 00002500 88da4280 10000000 00000000 00000000 00000000 00000000 00000000 00000000 00000000 00000000 00000000 00000000 00000000 00000000 00000000 00000000 00000000 00000000 00000000 00000000 00000000 00000000 00000000 00000000 00000000 0002dfd5 0000dcbf 0005bfaa 00000000 00000000 00000000 00000000 00000000 00000000 742f5000 00000000 00000000 00000000 00000000 00000000 00000000 00000000 00000000 00000000 00000000 00000000 00000000 00000000
poll 534098: 90101010 00000800 000000f0 ff000000 4090004a 3c044301 00000003 80001500 7388e000 00404800 742df000 00000010 742fc000 746f0800 748eac00 73ca5000 740e1000 ffd0007c 73ec3000 741e0000 00000000 00000000 0000000c ffffffff ffffffff ffffffff 54551760 76306300 00000000 00000000 00000000 00000000 00000000 00000000 00000000 00018e1a 1c995f3c 00080030 2001e000 00000000 00000000 00000000 00000000 00000000 00000000 00000200 73c93000 00000000 00000000 00000000 00000000 00000000 00000000 00000000 00000000 00000000 00000000 00000000 00000000 00000000 742e9000 00000000 742ea000 00000000 742ef000 00000000 742f0000 00000000 00000000 00000000 00000000 00000000 73ea3000 00000000 740c1000 00000000 00000000 00000000 00000e29 00002800 88da4280 10000000 00000000 00000000 00000000 00000000 00000000 00000000 00000000 00000000 00000000 00000000 00000000 00000000 00000000 00000000 00000000 00000000 00000000 00000000 00000000 00000000 00000000 00000000 00000000 0002dfd5 0000dcbf 0005bfaa 00000000 00000000 00000000 00000000 00000000 00000000 742f5000 00000000 00000000 00000000 00000000 00000000 00000000 00000000 00000000 00000000 00000000 00000000 00000000 00000000
poll 534099: 90101010 00000800 000000f0 ff000000 4090004a 3c044301 00000003 80001500 7388e000 00404800 742df000 00000010 742fc000 746f0800 748eac00 73ca5000 740e1000 ffd0007c 73ec3000 741e0000 00000000 00000000 0000000c ffffffff ffffffff ffffffff 54551760 76306300 00000000 00000000 00000000 00000000 00000000 00000000 00000000 00018e1a 1c995f3c 00080030 2001e000 00000000 00000000 00000000 00000000 00000000 00000000 00000200 73c93000 00000000 00000000 00000000 00000000 00000000 00000000 00000000 00000000 00000000 00000000 00000000 00000000 00000000 742e9000 00000000 742ea000 00000000 742ef000 00000000 742f0000 00000000 00000000 00000000 00000000 00000000 73ea3000 00000000 740c1000 00000000 00000000 00000000 00000f08 00002a00 88da4280 10000000 00000000 00000000 00000000 00000000 00000000 00000000 00000000 00000000 00000000 00000000 00000000 00000000 00000000 00000000 00000000 00000000 00000000 00000000 00000000 00000000 00000000 00000000 00000000 0002dfd5 0000dcbf 0005bfaa 00000000 00000000 00000000 00000000 00000000 00000000 742f5000 00000000 00000000 00000000 00000000 00000000 00000000 00000000 00000000 00000000 00000000 00000000 00000000 00000000
poll 534100: 90101010 00000800 000000f0 ff000000 4090004a 3c044301 00000003 80001500 7388e000 00404800 742df000 00000010 742fc000 746f0800 748eac00 73ca5000 740e1000 ffd0007c 73ec3000 741e0000 00000000 00000000 0000000c ffffffff ffffffff ffffffff 54551760 76306300 00000000 00000000 00000000 00000000 00000000 00000000 00000000 00018e1a 1c995f3c 00080030 2001e000 00000000 00000000 00000000 00000000 00000000 00000000 00000200 73c93000 00000000 00000000 00000000 00000000 00000000 00000000 00000000 00000000 00000000 00000000 00000000 00000000 00000000 742e9000 00000000 742ea000 00000000 742ef000 00000000 742f0000 00000000 00000000 00000000 00000000 00000000 73ea3000 00000000 740c1000 00000000 00000000 00000000 00000fdc 00002d00 88da4280 10000000 00000000 00000000 00000000 00000000 00000000 00000000 00000000 00000000 00000000 00000000 00000000 00000000 00000000 00000000 00000000 00000000 00000000 00000000 00000000 00000000 00000000 00000000 00000000 0002dfd5 0000dcbf 0005bfaa 00000000 00000000 00000000 00000000 00000000 00000000 742f5000 00000000 00000000 00000000 00000000 00000000 00000000 00000000 00000000 00000000 00000000 00000000 00000000 00000000
poll 534101: 90101010 00000800 000000f0 ff000000 4090004a 3c044301 00000003 80001500 7388e000 00404800 742df000 00000010 742fc000 746f0800 748eac00 73ca5000 740e1000 ffd0007c 73ec3000 741e0000 00000000 00000000 0000000c ffffffff ffffffff ffffffff 54551760 76306300 00000000 00000000 00000000 00000000 00000000 00000000 00000000 00018e1a 1c995f3c 00080030 2001e000 00000000 00000000 00000000 00000000 00000000 00000000 00000200 73c93000 00000000 00000000 00000000 00000000 00000000 00000000 00000000 00000000 00000000 00000000 00000000 00000000 00000000 742e9000 00000000 742ea000 00000000 742ef000 00000000 742f0000 00000000 00000000 00000000 00000000 00000000 73ea3000 00000000 740c1000 00000000 00000000 00000000 000010b0 00003000 88da4280 10000000 00000000 00000000 00000000 00000000 00000000 00000000 00000000 00000000 00000000 00000000 00000000 00000000 00000000 00000000 00000000 00000000 00000000 00000000 00000000 00000000 00000000 00000000 00000000 0002dfd5 0000dcbf 0005bfaa 00000000 00000000 00000000 00000000 00000000 00000000 742f5000 00000000 00000000 00000000 00000000 00000000 00000000 00000000 00000000 00000000 00000000 00000000 00000000 00000000
poll 534102: 90101010 00000800 000000f0 ff000000 4090004a 3c044301 00000003 80001500 7388e000 00404800 742df000 00000010 742fc000 746f0800 748eac00 73ca5000 740e1000 ffd0007c 73ec3000 741e0000 00000000 00000000 0000000c ffffffff ffffffff ffffffff 54551760 76306300 00000000 00000000 00000000 00000000 00000000 00000000 00000000 00018e1a 1c995f3c 00080030 2001e000 00000000 00000000 00000000 00000000 00000000 00000000 00000200 73c93000 00000000 00000000 00000000 00000000 00000000 00000000 00000000 00000000 00000000 00000000 00000000 00000000 00000000 742e9000 00000000 742ea000 00000000 742ef000 00000000 742f0000 00000000 00000000 00000000 00000000 00000000 73ea3000 00000000 740c1000 00000000 00000000 00000000 00001186 00003200 88da4280 10000000 00000000 00000000 00000000 00000000 00000000 00000000 00000000 00000000 00000000 00000000 00000000 00000000 00000000 00000000 00000000 00000000 00000000 00000000 00000000 00000000 00000000 00000000 00000000 0002dfd5 0000dcbf 0005bfaa 00000000 00000000 00000000 00000000 00000000 00000000 742f5000 00000000 00000000 00000000 00000000 00000000 00000000 00000000 00000000 00000000 00000000 00000000 00000000 00000000
poll 534103: 90101010 00000800 000000f0 ff000000 4090004a 3c044301 00000003 80001500 7388e000 00404800 742df000 00000010 742fc000 746f0800 748eac00 73ca5000 740e1000 ffd0007c 73ec3000 741e0000 00000000 00000000 0000000c ffffffff ffffffff ffffffff 54551760 76306300 00000000 00000000 00000000 00000000 00000000 00000000 00000000 00018e1a 1c995f3c 00080030 2001e000 00000000 00000000 00000000 00000000 00000000 00000000 00000200 73c93000 00000000 00000000 00000000 00000000 00000000 00000000 00000000 00000000 00000000 00000000 00000000 00000000 00000000 742e9000 00000000 742ea000 00000000 742ef000 00000000 742f0000 00000000 00000000 00000000 00000000 00000000 73ea3000 00000000 740c1000 00000000 00000000 00000000 00001265 00003500 88da4280 10000000 00000000 00000000 00000000 00000000 00000000 00000000 00000000 00000000 00000000 00000000 00000000 00000000 00000000 00000000 00000000 00000000 00000000 00000000 00000000 00000000 00000000 00000000 00000000 0002dfd5 0000dcbf 0005bfaa 00000000 00000000 00000000 00000000 00000000 00000000 742f5000 00000000 00000000 00000000 00000000 00000000 00000000 00000000 00000000 00000000 00000000 00000000 00000000 00000000
poll 534104: 90101010 00000800 000000f0 ff000000 4090004a 3c044301 00000003 80001500 7388e000 00404800 742df000 00000010 742fc000 746f0800 748eac00 73ca5000 740e1000 ffd0007c 73ec3000 741e0000 00000000 00000000 0000000c ffffffff ffffffff ffffffff 54551760 76306300 00000000 00000000 00000000 00000000 00000000 00000000 00000000 00018e1a 1c995f3c 00080030 2001e000 00000000 00000000 00000000 00000000 00000000 00000000 00000200 73c93000 00000000 00000000 00000000 00000000 00000000 00000000 00000000 00000000 00000000 00000000 00000000 00000000 00000000 742e9000 00000000 742ea000 00000000 742ef000 00000000 742f0000 00000000 00000000 00000000 00000000 00000000 73ea3000 00000000 740c1000 00000000 00000000 00000000 00001339 00003700 88da4280 10000000 00000000 00000000 00000000 00000000 00000000 00000000 00000000 00000000 00000000 00000000 00000000 00000000 00000000 00000000 00000000 00000000 00000000 00000000 00000000 00000000 00000000 00000000 00000000 0002dfd5 0000dcbf 0005bfaa 00000000 00000000 00000000 00000000 00000000 00000000 742f5000 00000000 00000000 00000000 00000000 00000000 00000000 00000000 00000000 00000000 00000000 00000000 00000000 00000000
poll 534105: 90101010 00000800 000000f0 ff000000 4090004a 3c044301 00000003 80001500 7388e000 00404800 742df000 00000010 742fc000 746f0800 748eac00 73ca5000 740e1000 ffd0007c 73ec3000 741e0000 00000000 00000000 0000000c ffffffff ffffffff ffffffff 54551760 76306300 00000000 00000000 00000000 00000000 00000000 00000000 00000000 00018e1a 1c995f3c 00080030 2001e000 00000000 00000000 00000000 00000000 00000000 00000000 00000200 73c93000 00000000 00000000 00000000 00000000 00000000 00000000 00000000 00000000 00000000 00000000 00000000 00000000 00000000 742e9000 00000000 742ea000 00000000 742ef000 00000000 742f0000 00000000 00000000 00000000 00000000 00000000 73ea3000 00000000 740c1000 00000000 00000000 00000000 0000140f 00003900 88da4280 10000000 00000000 00000000 00000000 00000000 00000000 00000000 00000000 00000000 00000000 00000000 00000000 00000000 00000000 00000000 00000000 00000000 00000000 00000000 00000000 00000000 00000000 00000000 00000000 0002dfd5 0000dcbf 0005bfaa 00000000 00000000 00000000 00000000 00000000 00000000 742f5000 00000000 00000000 00000000 00000000 00000000 00000000 00000000 00000000 00000000 00000000 00000000 00000000 00000000
poll 534106: 90101010 00000800 000000f0 ff000000 4090004a 3c044301 00000003 80001500 7388e000 00404800 742df000 00000010 742fc000 746f0800 748eac00 73ca5000 740e1000 ffd0007c 73ec3000 741e0000 00000000 00000000 0000000c ffffffff ffffffff ffffffff 54551760 76306300 00000000 00000000 00000000 00000000 00000000 00000000 00000000 00018e1a 1c995f3c 00080030 2001e000 00000000 00000000 00000000 00000000 00000000 00000000 00000200 73c93000 00000000 00000000 00000000 00000000 00000000 00000000 00000000 00000000 00000000 00000000 00000000 00000000 00000000 742e9000 00000000 742ea000 00000000 742ef000 00000000 742f0000 00000000 00000000 00000000 00000000 00000000 73ea3000 00000000 740c1000 00000000 00000000 00000000 000014ef 00003b00 88da4280 10000000 00000000 00000000 00000000 00000000 00000000 00000000 00000000 00000000 00000000 00000000 00000000 00000000 00000000 00000000 00000000 00000000 00000000 00000000 00000000 00000000 00000000 00000000 00000000 0002dfd5 0000dcbf 0005bfaa 00000000 00000000 00000000 00000000 00000000 00000000 742f5000 00000000 00000000 00000000 00000000 00000000 00000000 00000000 00000000 00000000 00000000 00000000 00000000 00000000
poll 534107: 90101010 00000800 000000f0 ff000000 4090004a 3c044301 00000003 80001500 7388e000 00404800 742df000 00000010 742fc000 746f0800 748eac00 73ca5000 740e1000 ffd0007c 73ec3000 741e0000 00000000 00000000 0000000c ffffffff ffffffff ffffffff 54551760 76306300 00000000 00000000 00000000 00000000 00000000 00000000 00000000 00018e1a 1c995f3c 00080030 2001e000 00000000 00000000 00000000 00000000 00000000 00000000 00000200 73c93000 00000000 00000000 00000000 00000000 00000000 00000000 00000000 00000000 00000000 00000000 00000000 00000000 00000000 742e9000 00000000 742ea000 00000000 742ef000 00000000 742f0000 00000000 00000000 00000000 00000000 00000000 73ea3000 00000000 740c1000 00000000 00000000 00000000 000015c4 00003e00 88da4280 10000000 00000000 00000000 00000000 00000000 00000000 00000000 00000000 00000000 00000000 00000000 00000000 00000000 00000000 00000000 00000000 00000000 00000000 00000000 00000000 00000000 00000000 00000000 00000000 0002dfd5 0000dcbf 0005bfaa 00000000 00000000 00000000 00000000 00000000 00000000 742f5000 00000000 00000000 00000000 00000000 00000000 00000000 00000000 00000000 00000000 00000000 00000000 00000000 00000000
poll 534108: 90101010 00000800 000000f0 ff000000 4090004a 3c044301 00000003 80001500 7388e000 00404800 742df000 00000010 742fc000 746f0800 748eac00 73ca5000 740e1000 ffd0007c 73ec3000 741e0000 00000000 00000000 0000000c ffffffff ffffffff ffffffff 54551760 76306300 00000000 00000000 00000000 00000000 00000000 00000000 00000000 00018e1a 1c995f3c 00080030 2001e000 00000000 00000000 00000000 00000000 00000000 00000000 00000200 73c93000 00000000 00000000 00000000 00000000 00000000 00000000 00000000 00000000 00000000 00000000 00000000 00000000 00000000 742e9000 00000000 742ea000 00000000 742ef000 00000000 742f0000 00000000 00000000 00000000 00000000 00000000 73ea3000 00000000 740c1000 00000000 00000000 00000000 00001699 00004000 88da4280 10000000 00000000 00000000 00000000 00000000 00000000 00000000 00000000 00000000 00000000 00000000 00000000 00000000 00000000 00000000 00000000 00000000 00000000 00000000 00000000 00000000 00000000 00000000 00000000 0002dfd5 0000dcbf 0005bfaa 00000000 00000000 00000000 00000000 00000000 00000000 742f5000 00000000 00000000 00000000 00000000 00000000 00000000 00000000 00000000 00000000 00000000 00000000 00000000 00000000
poll 534109: 90101010 00000800 000000f0 ff000000 4090004a 3c044301 00000003 80001500 7388e000 00404800 742df000 00000010 742fc000 746f0800 748eac00 73ca5000 740e1000 ffd0007c 73ec3000 741e0000 00000000 00000000 0000000c ffffffff ffffffff ffffffff 54551760 76306300 00000000 00000000 00000000 00000000 00000000 00000000 00000000 00018e1a 1c995f3c 00080030 2001e000 00000000 00000000 00000000 00000000 00000000 00000000 00000200 73c93000 00000000 00000000 00000000 00000000 00000000 00000000 00000000 00000000 00000000 00000000 00000000 00000000 00000000 742e9000 00000000 742ea000 00000000 742ef000 00000000 742f0000 00000000 00000000 00000000 00000000 00000000 73ea3000 00000000 740c1000 00000000 00000000 00000000 0000176e 00004300 88da4280 10000000 00000000 00000000 00000000 00000000 00000000 00000000 00000000 00000000 00000000 00000000 00000000 00000000 00000000 00000000 00000000 00000000 00000000 00000000 00000000 00000000 00000000 00000000 00000000 0002dfd5 0000dcbf 0005bfaa 00000000 00000000 00000000 00000000 00000000 00000000 742f5000 00000000 00000000 00000000 00000000 00000000 00000000 00000000 00000000 00000000 00000000 00000000 00000000 00000000
