                                 enable  prepare  protect                                duty
   clock                          count    count    count        rate   accuracy phase  cycle
---------------------------------------------------------------------------------------------
 sysclk                               0        0        0    10000000          0     0  50000
 dpll                                 0        0        0  3200000000          0     0  50000
    dpll_3200m                        0        0        0  3200000000          0     0  50000
       dpll_1600m                     0        0        0  1600000000          0     0  50000
          dpll_800m                   0        0        0   800000000          0     0  50000
             dpll_400m                0        0        0   400000000          0     0  50000
                dpll_200m             0        0        0   200000000          0     0  50000
                   dpll_100m          0        0        0   100000000          0     0  50000
                      dpll_50m        0        0        0    50000000          0     0  50000
                         dpll_25m       0        0        0    25000000          0     0  50000
 epll                                 1        1        0  1500000000          0     0  50000
    epll_1500m                        1        1        0  1500000000          0     0  50000
       epll_750m                      0        0        0   750000000          0     0  50000
          epll_375m                   0        0        0   375000000          0     0  50000
       epll_500m                      1        1        0   500000000          0     0  50000
          clk_csi_async_sel           0        0        0   500000000          0     0  50000
             clk_csi_async_eb         0        0        0   500000000          0     0  50000
          epll_100m                   1        1        0   100000000          0     0  50000
             clk_vi_sel               0        0        0   100000000          0     0  50000
             epll_50m                 2        2        0    50000000          0     0  50000
                clk_emac_ptp_ref_eb       1        1        0    50000000          0     0  50000
                clk_emac_rmii_phy_eb       0        0        0    50000000          0     0  50000
                epll_25m              2        2        0    25000000          0     0  50000
                   rgmii_ephy_clk_sel       1        1        0    25000000          0     0  50000
                      ephy_clk_eb       1        1        0    25000000          0     0  50000
                   epll_5m            1        1        0     5000000          0     0  50000
                      clk_emac_rgmii_tx_sel       1        1        0     5000000          0     0  50000
                         clk_emac_rgmii_tx_eb       1        1        0     5000000          0     0  50000
             epll_20m                 0        0        0    20000000          0     0  50000
                epll_10m              0        0        0    10000000          0     0  50000
                   clk_dphy_tx_esc_sel       0        0        0    10000000          0     0  50000
                      clk_dsi_tx_esc_eb       0        0        0    10000000          0     0  50000
                      clk_dphy_tx_esc_eb       0        0        0    10000000          0     0  50000
          epll_250m                   0        0        0   250000000          0     0  50000
             epll_125m                0        0        0   125000000          0     0  50000
                epll_62p5m            0        0        0    62500000          0     0  50000
                   epll_31p25m        0        0        0    31250000          0     0  50000
 vpll1                                0        0        0  1188000000          0     0  50000
    vpll1_1188m                       0        0        0  1188000000          0     0  50000
       vpll1_594m                     0        0        0   594000000          0     0  50000
          vpll1_297m                  0        0        0   297000000          0     0  50000
             vpll1_27m                0        0        0    27000000          0     0  50000
             vpll1_148m               0        0        0   148500000          0     0  50000
                vpll1_74p25m          0        0        0    74250000          0     0  50000
                   vpll1_37p125m       0        0        0    37125000          0     0  50000
          vpll1_118p8m                0        0        0   118800000          0     0  50000
          vpll1_198m                  0        0        0   198000000          0     0  50000
       vpll1_108m                     0        0        0   108000000          0     0  50000
          clk_dpu_lite_out_sel        0        0        0   108000000          0     0  50000
             clk_dpu_lite_out_divn       0        0        0   108000000          0     0  50000
                clk_dpu_lite_out_eb       0        0        0   108000000          0     0  50000
          clk_1x_vo1_sel              0        0        0   108000000          0     0  50000
             clk_1x_vo1_divn_flash       0        0        0   108000000          0     0  50000
                clk_1x_vo1_eb         0        0        0   108000000          0     0  50000
          clk_nx_vo1_sel              0        0        0   108000000          0     0  50000
             clk_nx_vo1_divn_flash       0        0        0   108000000          0     0  50000
                clk_nx_vo1_eb         0        0        0   108000000          0     0  50000
          clk_1x_vo1_comm_sel         0        0        0   108000000          0     0  50000
             clk_1x_vo1_comm_divn       0        0        0   108000000          0     0  50000
                clk_1x_vo1_comm_eb       0        0        0   108000000          0     0  50000
                clk_1x_vo0_comm_eb       0        0        0   108000000          0     0  50000
          clk_nx_vo1_comm_sel         0        0        0   108000000          0     0  50000
             clk_nx_vo1_comm_divn       0        0        0   108000000          0     0  50000
                clk_nx_vo1_comm_eb       0        0        0   108000000          0     0  50000
 vpll0                                0        0        0  1188000000          0     0  50000
    vpll0_1188m                       0        0        0  1188000000          0     0  50000
       vpll0_594m                     0        0        0   594000000          0     0  50000
          vpll0_297m                  0        0        0   297000000          0     0  50000
             vpll0_27m                0        0        0    27000000          0     0  50000
             vpll0_148p5m             0        0        0   148500000          0     0  50000
                vpll0_74p25m          0        0        0    74250000          0     0  50000
                   vpll0_37p125m       0        0        0    37125000          0     0  50000
          vpll0_118p8m                0        0        0   118800000          0     0  50000
             clk_dpu_out_sel          0        0        0   118800000          0     0  50000
                clk_dpu_out_divn       0        0        0    29700000          0     0  50000
                   clk_dpu_out_eb       0        0        0    29700000          0     0  50000
          vpll0_198m                  0        0        0   198000000          0     0  50000
       vpll0_108m                     0        0        0   108000000          0     0  50000
          clk_1x_vo0_sel              0        0        0   108000000          0     0  50000
             clk_1x_vo0_divn_flash       0        0        0   108000000          0     0  50000
                clk_1x_vo0_eb         0        0        0   108000000          0     0  50000
          clk_nx_vo0_sel              0        0        0   108000000          0     0  50000
             clk_nx_vo0_divn_flash       0        0        0   108000000          0     0  50000
                clk_nx_vo0_eb         0        0        0   108000000          0     0  50000
          clk_1x_vo0_comm_sel         0        0        0   108000000          0     0  50000
             clk_1x_vo0_comm_divn       0        0        0   108000000          0     0  50000
          clk_nx_vo0_comm_sel         0        0        0   108000000          0     0  50000
             clk_nx_vo0_comm_divn       0        0        0   108000000          0     0  50000
                clk_nx_vo0_comm_eb       0        0        0   108000000          0     0  50000
 npll                                 0        0        0  1600000000          0     0  50000
    npll_1600m                        0        0        0  1600000000          0     0  50000
       npll_533m                      0        0        0   533333333          0     0  50000
          clk_dpu_src_sel             0        0        0   533333333          0     0  50000
             clk_dpu_eb               0        0        0   533333333          0     0  50000
             pclk_dpu_eb              0        0        0   533333333          0     0  50000
          clk_mm_glb_sel              0        0        0   533333333          0     0  50000
             clk_cmd_eb               0        0        0   533333333          0     0  50000
             clk_fbc_eb               0        0        0   533333333          0     0  50000
             clk_fbcd_eb              0        0        0   533333333          0     0  50000
             pclk_cmd_eb              0        0        0   533333333          0     0  50000
          aclk_mm_top_sel             0        0        0   533333333          0     0  50000
          aclk_nn_top_sel             0        0        0   533333333          0     0  50000
          aclk_ocm_top_sel            0        0        0   533333333          0     0  50000
          aclk_vpu_top_sel            0        0        0   533333333          0     0  50000
          aclk_cpu_top_sel            0        0        0   533333333          0     0  50000
          aclk_isp_top_sel            0        0        0   533333333          0     0  50000
       npll_800m                      0        0        0   800000000          0     0  50000
          npll_400m                   0        0        0   400000000          0     0  50000
             npll_200m                0        0        0   200000000          0     0  50000
                npll_100m             0        0        0   100000000          0     0  50000
                   npll_50m           0        0        0    50000000          0     0  50000
                      npll_25m        0        0        0    25000000          0     0  50000
 hpll                                 1        1        0  1228800000          0     0  50000
    hpll_1228p8m                      1        1        0  1228800000          0     0  50000
       hpll_245p76m                   1        1        0   245760000          0     0  50000
          hpll_81p92m                 0        0        0    81920000          0     0  50000
             hpll_40p96m              0        0        0    40960000          0     0  50000
                hpll_20p48m           0        0        0    20480000          0     0  50000
                   hpll_4096k         0        0        0     4096000          0     0  50000
          hpll_49p152m                1        1        0    49152000          0     0  50000
             hpll_16p384m             0        0        0    16384000          0     0  50000
                sclk_i2s_m_sel        0        0        0    16384000          0     0  50000
                   sclk_i2s_m_divn       0        0        0    16384000          0     0  50000
                      sclk_i2s_m_eb       0        0        0    16384000          0     0  50000
                sclk_i2s_tdm_sel       0        0        0    16384000          0     0  50000
                   sclk_i2s_tdm_divn       0        0        0    16384000          0     0  50000
                      sclk_i2s_tdm_eb       0        0        0    16384000          0     0  50000
             hpll_24p576m             1        1        0    24576000          0     0  50000
                clk_i2s_ref0_sel       1        1        0    24576000          0     0  50000
                   clk_i2s_ref0_divn       1        1        0    12288000          0     0  50000
                      clk_i2s_ref0_eb       1        1        0    12288000          0     0  50000
                hpll_12p288m          0        0        0    12288000          0     0  50000
                   clk_i2s_audio_ref_eb       0        0        0    12288000          0     0  50000
 cpll                                 1        1        0  2496000000          0     0  50000
    cpll_2496m                        1        1        0  2496000000          0     0  50000
       cpll_12m                       0        0        0    12000000          0     0  50000
          cpupll                      0        0        0  1200000000          0     0  50000
             cpupll_1200m             0        0        0  1200000000          0     0  50000
                clk_cpu_sel           0        0        0  1200000000          0     0  50000
             cpupll_600m              0        0        0   600000000          0     0  50000
                cpupll_300m           0        0        0   300000000          0     0  50000
                   cpupll_150m        0        0        0   150000000          0     0  50000
                      cpupll_75m       0        0        0    75000000          0     0  50000
                         cpupll_25m       0        0        0    25000000          0     0  50000
          clk_dphy_tx_ref_eb          0        0        0    12000000          0     0  50000
          MCLK0_sel                   0        0        0    12000000          0     0  50000
             MCLK0_divn               0        0        0    12000000          0     0  50000
                MCLK0_eb              0        0        0    12000000          0     0  50000
          MCLK1_sel                   0        0        0    12000000          0     0  50000
             MCLK1_divn               0        0        0    12000000          0     0  50000
                MCLK1_eb              0        0        0    12000000          0     0  50000
          MCLK2_sel                   0        0        0    12000000          0     0  50000
             MCLK2_divn               0        0        0    12000000          0     0  50000
                MCLK2_eb              0        0        0    12000000          0     0  50000
          MCLK3_sel                   0        0        0    12000000          0     0  50000
             MCLK3_divn               0        0        0    12000000          0     0  50000
                MCLK3_eb              0        0        0    12000000          0     0  50000
          MCLK4_sel                   0        0        0    12000000          0     0  50000
             MCLK4_divn               0        0        0    12000000          0     0  50000
                MCLK4_eb              0        0        0    12000000          0     0  50000
          MCLK5_sel                   0        0        0    12000000          0     0  50000
             MCLK5_divn               0        0        0    12000000          0     0  50000
                MCLK5_eb              0        0        0    12000000          0     0  50000
       cpll_1248m                     2        2        0  1248000000          0     0  50000
          cpll_249p6m                 0        0        0   249600000          0     0  50000
             cpll_19p2m               0        0        0    49920000          0     0  50000
          cpll_416m                   1        1        0   416000000          0     0  50000
             clk_dispc_glb_sel        1        1        0   416000000          0     0  50000
                clk_dsi_sys_eb        0        0        0   416000000          0     0  50000
                pclk_csi_eb           0        0        0   416000000          0     0  50000
                pclk_dsi_eb           1        1        0   416000000          0     0  50000
                pclk_lvds_tx_eb       0        0        0   416000000          0     0  50000
             clk_isp_mm_sel           0        0        0   416000000          0     0  50000
                clk_isp_mm_eb         0        0        0   416000000          0     0  50000
          cpll_624m                   2        2        0   624000000          0     0  50000
             cpll_208m                2        2        0   208000000          0     0  50000
                clk_jenc_src_sel       0        0        0   208000000          0     0  50000
                   clk_jenc_eb        0        0        0   208000000          0     0  50000
                clk_vdec_src_sel       0        0        0   208000000          0     0  50000
                   clk_vdec_eb        0        0        0   208000000          0     0  50000
                clk_vpu_glb_sel       1        1        0   208000000          0     0  50000
                   clk_venc_eb        1        1        0   208000000          0     0  50000
                pclk_top_sel          4        4        0   208000000          0     0  50000
                   pclk_timer0_eb       1        1        0   208000000          0     0  50000
                   pclk_ax_dma_per_eb       1        1        0   208000000          0     0  50000
                   pclk_i2s_m_eb       0        0        0   208000000          0     0  50000
                   pclk_i2s_s_eb       1        1        0   208000000          0     0  50000
                   pclk_i2s_tdm_m_eb       0        0        0   208000000          0     0  50000
                   pclk_i2s_tdm_s_eb       0        0        0   208000000          0     0  50000
                   aclk_ax_dma_per_eb       1        1        0   208000000          0     0  50000
             cpll_312m                2        2        0   312000000          0     0  50000
                clk_flash_glb_sel       1        1        0   312000000          0     0  50000
                   aclk_emac_eb       1        1        0   312000000          0     0  50000
                cpll_24m              1        1        0    24000000          0     0  50000
                   clk_lpc_vpu_eb       0        0        0    24000000          0     0  50000
                   clk_lpc_peri_eb       0        0        0    24000000          0     0  50000
                   clk_timer_sel       1        1        0    24000000          0     0  50000
                      clk_timer0_eb       1        1        0    24000000          0     0  50000
                      clk_timer_eb       0        0        0    24000000          0     0  50000
                   clk_lpc_mm_eb       0        0        0    24000000          0     0  50000
                   clk_axi2csi_src_sel       0        0        0    24000000          0     0  50000
                      clk_axi2csi_eb       0        0        0    24000000          0     0  50000
                      pclk_axi2csi_eb       0        0        0    24000000          0     0  50000
                   clk_dpu_lite_src_sel       0        0        0    24000000          0     0  50000
                      clk_dpu_lite_eb       0        0        0    24000000          0     0  50000
                      pclk_dpu_lite_eb       0        0        0    24000000          0     0  50000
                   clk_gdc_src_sel       0        0        0    24000000          0     0  50000
                      clk_gdc_eb       0        0        0    24000000          0     0  50000
                      pclk_gdc_eb       0        0        0    24000000          0     0  50000
                   clk_ive_src_sel       0        0        0    24000000          0     0  50000
                      clk_ive_eb       0        0        0    24000000          0     0  50000
                      pclk_ive_eb       0        0        0    24000000          0     0  50000
                   clk_tdp_src_sel       0        0        0    24000000          0     0  50000
                      clk_tdp_eb       0        0        0    24000000          0     0  50000
                      pclk_tdp_eb       0        0        0    24000000          0     0  50000
                   clk_vpp_src_sel       0        0        0    24000000          0     0  50000
                      clk_vpp_eb       0        0        0    24000000          0     0  50000
                      clk_vpp_scl0_eb       0        0        0    24000000          0     0  50000
                      clk_vpp_scl1_eb       0        0        0    24000000          0     0  50000
                      clk_vpp_scl2_eb       0        0        0    24000000          0     0  50000
                      clk_vpp_scl3_eb       0        0        0    24000000          0     0  50000
                      clk_vpp_scl4_eb       0        0        0    24000000          0     0  50000
                      pclk_vpp_eb       0        0        0    24000000          0     0  50000
                   clk_lpc_flash_eb       0        0        0    24000000          0     0  50000
                   clk_audio_tlb_eb       0        0        0    24000000          0     0  50000
                   clk_dphyrx_tlb_eb       0        0        0    24000000          0     0  50000
                   clk_dphytx_tlb_eb       0        0        0    24000000          0     0  50000
                   clk_h_ssi_sel       0        0        0    24000000          0     0  50000
                      clk_h_ssi_divn       0        0        0    24000000          0     0  50000
                         clk_h_ssi_eb       0        0        0    24000000          0     0  50000
                   clk_cpu_24m_eb       0        0        0    24000000          0     0  50000
                   clk_cs_apb_eb       0        0        0    24000000          0     0  50000
                cpll_156m             0        0        0   156000000          0     0  50000
                   cpll_78m           0        0        0    78000000          0     0  50000
                      cpll_26m        0        0        0    26000000          0     0  50000
                      cpll_39m        0        0        0    39000000          0     0  50000
                clk_bus_flash_sel       0        0        0   312000000          0     0  50000
 xtal_24m                             0        0        0    24000000          0     0  50000
    clk_dbc_gpio_sel                  0        0        0    24000000          0     0  50000
 rtc_out_32k                          0        0        0       32768          0     0  50000
 clk_csi_tx_esc_eb                    0        0        0           0          0     0  50000
 clk_dphy2csi_hs_eb                   0        0        0           0          0     0  50000
 clk_dphy2dsi_hs_eb                   0        0        0           0          0     0  50000
 clk_dphy_tx_pll_cg_eb                0        0        0           0          0     0  50000
 clk_dphy_tx_pll_div7_cg_eb           0        0        0           0          0     0  50000
 clk_tmr_sync_eb                      0        0        0           0          0     0  50000
 clk_vi_eb                            0        0        0           0          0     0  50000
