ain0-0x80 raw 324 1021 509 0 filt 324 510 510 3
ain0-0x80 raw 324 0 507 0 filt 324 510 510 0
ain0-0x80 raw 324 0 512 0 filt 324 510 509 1
ain0-0x80 raw 324 0 511 5 filt 324 510 509 1
ain0-0x80 raw 324 1021 510 0 filt 324 510 509 0
ain0-0x80 raw 324 0 509 17 filt 324 510 510 3
ain0-0x80 raw 324 1021 508 0 filt 324 510 510 0
ain0-0x80 raw 324 0 510 0 filt 324 521 509 0
ain0-0x80 raw 324 0 511 0 filt 324 510 509 2
ain0-0x80 raw 324 1021 511 2 filt 324 510 510 0
ain0-0x80 raw 324 1 509 1 filt 324 510 511 5
ain0-0x80 raw 324 1021 509 0 filt 324 510 511 1
ain0-0x80 raw 324 1022 509 1 filt 324 510 510 0
ain0-0x80 raw 324 1 510 16 filt 324 510 510 2
ain0-0x80 raw 324 1021 512 1 filt 324 510 509 0
ain0-0x80 raw 324 0 512 2 filt 324 510 509 1
ain0-0x80 raw 324 0 509 4 filt 324 510 511 0
ain0-0x80 raw 324 1022 509 1 filt 324 510 509 0
ain0-0x80 raw 324 1022 510 8 filt 324 510 509 2
ain0-0x80 raw 324 0 516 0 filt 324 511 509 0
ain0-0x80 raw 324 1022 512 1 filt 324 511 509 0
ain0-0x80 raw 324 0 512 6 filt 324 510 510 1
ain0-0x80 raw 324 1022 510 0 filt 324 510 511 1
ain0-0x80 raw 324 0 510 0 filt 324 511 511 4
ain0-0x80 raw 324 1021 512 0 filt 324 510 510 0
ain0-0x80 raw 324 1022 513 0 filt 324 393 509 0
ain0-0x80 raw 324 0 511 0 filt 324 510 510 0
ain0-0x80 raw 324 1022 510 2 filt 324 510 511 0
ain0-0x80 raw 324 1 509 0 filt 324 510 511 3
ain0-0x80 raw 324 1022 504 0 filt 324 510 510 0
ain0-0x80 raw 324 0 510 0 filt 324 393 509 0
ain0-0x80 raw 324 0 511 6 filt 324 510 509 1
ain0-0x80 raw 324 1022 509 2 filt 324 510 508 0
ain0-0x80 raw 324 1022 509 0 filt 324 510 510 4
ain0-0x80 raw 324 1021 508 0 filt 324 510 509 0
ain0-0x80 raw 324 0 510 0 filt 324 393 509 1
ain0-0x80 raw 324 0 510 0 filt 324 510 509 2
ain0-0x80 raw 324 0 515 1 filt 324 510 509 0
ain0-0x80 raw 324 1020 509 1 filt 324 510 510 3
ain0-0x80 raw 324 1022 509 0 filt 324 510 510 0
