ain3-0x40 raw 324 1021 512 13 filt 324 510 509 3
ain3-0x40 raw 324 1022 509 0 filt 324 510 511 0
ain3-0x40 raw 324 0 509 1 filt 324 521 511 1
ain3-0x40 raw 324 0 508 6 filt 324 510 510 2
ain3-0x40 raw 324 1022 509 0 filt 324 510 510 0
ain3-0x40 raw 324 1021 510 1 filt 324 510 509 5
ain3-0x40 raw 324 0 509 3 filt 324 510 509 0
ain3-0x40 raw 324 0 509 1 filt 324 521 509 0
ain3-0x40 raw 324 1021 509 0 filt 324 510 510 1
ain3-0x40 raw 324 0 509 0 filt 324 511 509 1
ain3-0x40 raw 324 0 511 14 filt 324 510 509 4
ain3-0x40 raw 324 1021 512 0 filt 324 510 509 0
ain3-0x40 raw 324 1022 512 2 filt 324 521 509 0
ain3-0x40 raw 324 1021 511 9 filt 324 510 510 1
ain3-0x40 raw 324 0 510 0 filt 324 510 511 0
ain3-0x40 raw 324 1021 509 0 filt 324 510 511 6
ain3-0x40 raw 324 0 511 1 filt 324 510 510 1
ain3-0x40 raw 324 1021 512 0 filt 324 510 509 0
ain3-0x40 raw 324 1021 511 0 filt 324 510 509 1
ain3-0x40 raw 324 0 510 2 filt 324 510 509 0
ain3-0x40 raw 324 1022 509 23 filt 324 510 510 5
ain3-0x40 raw 324 1021 509 0 filt 324 511 509 0
ain3-0x40 raw 324 0 510 0 filt 324 510 509 1
ain3-0x40 raw 324 0 512 11 filt 324 510 509 2
ain3-0x40 raw 324 0 510 0 filt 324 511 509 0
ain3-0x40 raw 324 0 509 2 filt 324 510 510 2
ain3-0x40 raw 324 0 508 4 filt 324 510 510 1
ain3-0x40 raw 324 0 509 0 filt 324 511 510 1
ain3-0x40 raw 324 1021 510 0 filt 324 510 510 3
ain3-0x40 raw 324 0 513 2 filt 324 510 510 0
ain3-0x40 raw 324 0 512 1 filt 324 393 509 4
ain3-0x40 raw 324 0 512 0 filt 324 510 511 0
ain3-0x40 raw 324 1022 510 0 filt 324 510 510 0
ain3-0x40 raw 324 1022 510 0 filt 324 510 510 2
ain3-0x40 raw 324 0 511 0 filt 324 511 509 0
ain3-0x40 raw 324 83 512 0 filt 324 510 509 3
ain3-0x40 raw 324 1021 511 0 filt 324 510 510 1
ain3-0x40 raw 324 1022 509 1 filt 324 520 509 0
ain3-0x40 raw 324 1022 512 0 filt 324 510 509 2
ain3-0x40 raw 324 0 512 0 filt 324 510 509 0
