ain3direct-0x00050083 raw 324 1021 511 650 filt 324 510 511 659
ain3direct-0x00050083 raw 324 1021 509 649 filt 324 510 512 659
ain3direct-0x00050083 raw 324 1021 509 648 filt 324 394 511 661
ain3direct-0x00050083 raw 324 1022 510 646 filt 324 510 510 660
ain3direct-0x00050083 raw 324 0 511 672 filt 324 511 509 659
ain3direct-0x00050083 raw 324 0 510 650 filt 324 510 509 660
ain3direct-0x00050083 raw 324 1022 508 653 filt 324 510 512 662
ain3direct-0x00050083 raw 324 0 509 672 filt 324 510 510 660
ain3direct-0x00050083 raw 324 0 509 675 filt 324 510 509 662
ain3direct-0x00050083 raw 324 1021 511 652 filt 324 510 509 663
ain3direct-0x00050083 raw 324 1021 511 652 filt 324 510 509 662
ain3direct-0x00050083 raw 324 0 513 674 filt 324 511 509 662
ain3direct-0x00050083 raw 324 84 511 652 filt 324 510 511 663
ain3direct-0x00050083 raw 324 1022 510 650 filt 324 511 511 662
ain3direct-0x00050083 raw 324 1022 510 674 filt 324 510 511 662
ain3direct-0x00050083 raw 324 1 512 670 filt 324 510 510 661
ain3direct-0x00050083 raw 324 1022 510 648 filt 324 510 510 662
ain3direct-0x00050083 raw 324 0 511 678 filt 324 393 511 663
ain3direct-0x00050083 raw 324 0 510 675 filt 324 510 511 660
ain3direct-0x00050083 raw 324 0 509 651 filt 324 510 511 663
ain3direct-0x00050083 raw 324 0 512 649 filt 324 510 510 662
ain3direct-0x00050083 raw 324 0 512 650 filt 324 511 510 663
ain3direct-0x00050083 raw 324 0 512 674 filt 324 510 509 662
ain3direct-0x00050083 raw 324 0 510 674 filt 324 510 509 661
ain3direct-0x00050083 raw 324 0 509 652 filt 324 510 510 662
ain3direct-0x00050083 raw 324 0 509 653 filt 324 510 511 661
ain3direct-0x00050083 raw 324 0 510 676 filt 324 511 511 663
ain3direct-0x00050083 raw 324 1021 510 653 filt 324 511 510 663
ain3direct-0x00050083 raw 324 0 511 651 filt 324 510 510 662
ain3direct-0x00050083 raw 324 1022 512 676 filt 324 511 511 662
ain3direct-0x00050083 raw 324 1 509 674 filt 324 510 511 661
ain3direct-0x00050083 raw 324 0 510 650 filt 324 511 510 662
ain3direct-0x00050083 raw 324 1021 511 648 filt 324 394 510 662
ain3direct-0x00050083 raw 324 1021 512 670 filt 324 510 509 662
ain3direct-0x00050083 raw 324 0 513 673 filt 324 510 509 661
ain3direct-0x00050083 raw 324 1021 511 675 filt 324 510 511 661
ain3direct-0x00050083 raw 324 0 509 674 filt 324 510 510 664
ain3direct-0x00050083 raw 324 85 509 651 filt 324 511 510 662
ain3direct-0x00050083 raw 324 1022 511 650 filt 324 511 509 664
ain3direct-0x00050083 raw 324 1022 512 673 filt 324 521 509 663
