ain0-0x40 raw 324 0 509 0 filt 324 510 509 1
ain0-0x40 raw 324 0 511 1 filt 324 511 509 0
ain0-0x40 raw 324 0 510 11 filt 324 510 510 2
ain0-0x40 raw 324 1022 505 1 filt 324 510 510 0
ain0-0x40 raw 324 0 508 0 filt 324 393 510 2
ain0-0x40 raw 324 0 510 3 filt 324 510 510 1
ain0-0x40 raw 324 1022 511 1 filt 324 511 510 0
ain0-0x40 raw 324 1021 511 19 filt 324 510 509 3
ain0-0x40 raw 324 0 509 2 filt 324 510 509 0
ain0-0x40 raw 324 1022 508 2 filt 324 393 511 2
ain0-0x40 raw 324 1022 510 3 filt 324 510 509 0
ain0-0x40 raw 324 1022 510 0 filt 324 510 509 1
ain0-0x40 raw 324 1021 512 0 filt 324 510 508 3
ain0-0x40 raw 324 0 512 4 filt 324 510 509 0
ain0-0x40 raw 324 1022 511 1 filt 324 393 510 0
ain0-0x40 raw 324 1021 510 5 filt 324 510 511 1
ain0-0x40 raw 324 1022 510 0 filt 324 511 511 1
ain0-0x40 raw 324 1021 512 16 filt 324 510 509 5
ain0-0x40 raw 324 1022 512 0 filt 324 510 510 0
ain0-0x40 raw 324 1022 511 1 filt 324 393 510 0
ain0-0x40 raw 324 0 510 10 filt 324 510 511 0
ain0-0x40 raw 324 1022 509 0 filt 324 510 511 1
ain0-0x40 raw 324 1021 511 0 filt 324 521 510 4
ain0-0x40 raw 324 0 512 1 filt 324 511 509 0
ain0-0x40 raw 324 1021 512 1 filt 324 510 509 0
ain0-0x40 raw 324 1021 510 0 filt 324 510 509 1
ain0-0x40 raw 324 0 509 2 filt 324 510 511 0
ain0-0x40 raw 324 1022 508 0 filt 324 510 510 6
ain0-0x40 raw 324 0 509 4 filt 324 510 509 1
ain0-0x40 raw 324 1021 510 1 filt 324 510 509 1
ain0-0x40 raw 324 1022 512 0 filt 324 510 509 2
ain0-0x40 raw 324 0 509 2 filt 324 511 510 0
ain0-0x40 raw 324 0 508 1 filt 324 510 511 0
ain0-0x40 raw 324 1022 509 0 filt 324 510 510 1
ain0-0x40 raw 324 0 510 0 filt 324 511 510 0
ain0-0x40 raw 324 1 512 0 filt 324 510 510 3
ain0-0x40 raw 324 1021 512 0 filt 324 510 509 0
ain0-0x40 raw 324 1022 511 1 filt 324 510 509 4
ain0-0x40 raw 323 0 511 0 filt 324 510 511 1
ain0-0x40 raw 324 0 512 0 filt 324 393 509 0
