ain2-0x80 raw 324 0 510 1 filt 324 510 508 0
ain2-0x80 raw 324 0 509 1 filt 324 521 509 0
ain2-0x80 raw 324 0 508 4 filt 324 510 510 1
ain2-0x80 raw 324 1022 509 0 filt 324 510 509 1
ain2-0x80 raw 324 1020 510 1 filt 324 510 509 3
ain2-0x80 raw 324 0 511 4 filt 324 510 509 1
ain2-0x80 raw 324 1022 512 3 filt 324 510 509 0
ain2-0x80 raw 324 1021 509 6 filt 324 510 510 2
ain2-0x80 raw 324 0 509 0 filt 324 510 511 0
ain2-0x80 raw 323 1021 512 0 filt 324 510 509 1
ain2-0x80 raw 324 1021 511 1 filt 324 511 510 0
ain2-0x80 raw 324 1022 510 0 filt 324 510 511 6
ain2-0x80 raw 324 0 508 4 filt 324 510 511 1
ain2-0x80 raw 324 1022 508 0 filt 324 510 511 0
ain2-0x80 raw 324 1021 509 0 filt 324 510 510 2
ain2-0x80 raw 324 0 512 1 filt 324 510 509 0
ain2-0x80 raw 324 0 509 2 filt 324 510 508 1
ain2-0x80 raw 324 1022 508 0 filt 324 510 509 0
ain2-0x80 raw 324 1022 508 1 filt 324 511 510 0
ain2-0x80 raw 324 1021 509 7 filt 324 510 509 2
ain2-0x80 raw 324 1022 510 0 filt 324 510 509 1
ain2-0x80 raw 324 1021 512 2 filt 324 510 508 3
ain2-0x80 raw 324 1022 512 0 filt 324 510 509 0
ain2-0x80 raw 324 0 511 1 filt 324 511 510 0
ain2-0x80 raw 324 0 509 15 filt 324 510 511 4
ain2-0x80 raw 324 1021 510 0 filt 324 510 512 1
ain2-0x80 raw 324 0 512 0 filt 324 510 510 0
ain2-0x80 raw 324 1021 512 2 filt 324 510 509 1
ain2-0x80 raw 324 0 511 0 filt 324 510 509 0
ain2-0x80 raw 324 1 509 11 filt 324 510 510 3
ain2-0x80 raw 324 1022 504 0 filt 324 510 510 0
ain2-0x80 raw 324 0 508 0 filt 324 510 510 0
ain2-0x80 raw 324 0 512 6 filt 324 510 509 1
ain2-0x80 raw 324 1022 510 0 filt 324 511 509 1
ain2-0x80 raw 324 1021 510 0 filt 324 510 509 3
ain2-0x80 raw 324 0 509 2 filt 324 510 510 0
ain2-0x80 raw 324 1022 508 1 filt 324 521 511 0
ain2-0x80 raw 324 1021 510 0 filt 324 510 511 2
ain2-0x80 raw 324 1022 511 0 filt 324 510 510 0
ain2-0x80 raw 324 1020 511 2 filt 324 510 510 5
