ain3direct-0x00050043 raw 324 0 510 0 filt 324 510 510 0
ain3direct-0x00050043 raw 324 0 509 0 filt 324 393 509 0
ain3direct-0x00050043 raw 324 1021 512 0 filt 324 510 509 1
ain3direct-0x00050043 raw 324 1021 509 2 filt 324 510 508 0
ain3direct-0x00050043 raw 325 0 509 14 filt 324 510 509 4
ain3direct-0x00050043 raw 324 1021 508 0 filt 324 510 510 0
ain3direct-0x00050043 raw 324 0 510 0 filt 324 510 509 1
ain3direct-0x00050043 raw 324 0 511 8 filt 324 510 509 1
ain3direct-0x00050043 raw 324 1022 512 1 filt 324 510 509 0
ain3direct-0x00050043 raw 324 1021 508 4 filt 324 510 510 3
ain3direct-0x00050043 raw 324 0 509 0 filt 324 510 510 0
ain3direct-0x00050043 raw 324 1022 510 0 filt 324 393 511 1
ain3direct-0x00050043 raw 324 1021 510 0 filt 324 510 510 2
ain3direct-0x00050043 raw 324 0 512 1 filt 324 510 509 0
ain3direct-0x00050043 raw 324 85 512 2 filt 324 510 509 2
ain3direct-0x00050043 raw 324 1022 511 0 filt 324 511 511 1
ain3direct-0x00050043 raw 324 0 512 0 filt 324 510 511 0
ain3direct-0x00050043 raw 324 0 512 2 filt 324 510 510 1
ain3direct-0x00050043 raw 324 1022 511 1 filt 324 511 510 0
ain3direct-0x00050043 raw 324 1 509 20 filt 324 510 510 2
ain3direct-0x00050043 raw 324 0 509 0 filt 324 511 511 0
ain3direct-0x00050043 raw 324 0 511 0 filt 324 510 510 2
ain3direct-0x00050043 raw 324 1021 512 4 filt 324 510 509 1
ain3direct-0x00050043 raw 324 1022 512 0 filt 324 510 509 0
ain3direct-0x00050043 raw 324 1020 510 0 filt 324 510 509 5
ain3direct-0x00050043 raw 324 0 509 1 filt 324 510 510 0
ain3direct-0x00050043 raw 324 1022 509 0 filt 324 510 509 0
ain3direct-0x00050043 raw 324 1021 509 0 filt 324 510 509 1
ain3direct-0x00050043 raw 324 0 510 1 filt 324 511 509 0
ain3direct-0x00050043 raw 324 1021 511 1 filt 324 510 510 4
ain3direct-0x00050043 raw 324 0 509 0 filt 324 510 511 0
ain3direct-0x00050043 raw 324 1022 509 1 filt 324 510 511 1
ain3direct-0x00050043 raw 324 0 510 5 filt 324 510 510 2
ain3direct-0x00050043 raw 324 0 511 0 filt 324 511 510 0
ain3direct-0x00050043 raw 324 84 512 1 filt 324 510 509 2
ain3direct-0x00050043 raw 324 1022 512 0 filt 324 510 509 0
ain3direct-0x00050043 raw 324 0 512 0 filt 324 510 510 0
ain3direct-0x00050043 raw 324 0 510 8 filt 324 510 510 2
ain3direct-0x00050043 raw 324 1022 509 0 filt 324 511 509 1
ain3direct-0x00050043 raw 324 1021 512 0 filt 324 510 509 4
