ain3direct-0x00050003 raw 324 0 512 674 filt 324 510 510 661
ain3direct-0x00050003 raw 324 1022 512 675 filt 324 521 511 661
ain3direct-0x00050003 raw 324 0 510 650 filt 324 510 511 660
ain3direct-0x00050003 raw 324 0 509 674 filt 324 510 511 660
ain3direct-0x00050003 raw 324 1 512 648 filt 324 510 510 661
ain3direct-0x00050003 raw 324 1022 513 671 filt 324 510 509 660
ain3direct-0x00050003 raw 324 0 512 674 filt 324 510 509 661
ain3direct-0x00050003 raw 324 1 510 652 filt 324 510 509 660
ain3direct-0x00050003 raw 324 1022 509 671 filt 324 511 510 663
ain3direct-0x00050003 raw 324 84 509 649 filt 324 510 509 661
ain3direct-0x00050003 raw 324 1022 509 648 filt 324 510 509 662
ain3direct-0x00050003 raw 324 0 511 672 filt 324 521 510 662
ain3direct-0x00050003 raw 324 0 510 677 filt 324 510 510 661
ain3direct-0x00050003 raw 324 1022 508 653 filt 324 511 511 661
ain3direct-0x00050003 raw 324 0 509 673 filt 324 393 511 663
ain3direct-0x00050003 raw 324 0 510 672 filt 324 510 510 661
ain3direct-0x00050003 raw 324 1022 510 649 filt 324 511 510 662
ain3direct-0x00050003 raw 324 1021 512 650 filt 324 510 509 662
ain3direct-0x00050003 raw 324 0 513 675 filt 324 510 509 661
ain3direct-0x00050003 raw 324 1022 509 652 filt 324 510 511 661
ain3direct-0x00050003 raw 324 1022 509 671 filt 324 511 510 662
ain3direct-0x00050003 raw 324 0 511 675 filt 324 511 509 661
ain3direct-0x00050003 raw 324 1 512 675 filt 324 510 509 662
ain3direct-0x00050003 raw 324 1021 507 677 filt 324 510 509 664
ain3direct-0x00050003 raw 324 0 512 677 filt 324 393 510 663
ain3direct-0x00050003 raw 324 0 510 673 filt 324 510 511 662
ain3direct-0x00050003 raw 324 1022 509 675 filt 324 511 511 663
ain3direct-0x00050003 raw 324 0 509 648 filt 324 510 511 662
ain3direct-0x00050003 raw 324 1022 513 673 filt 324 511 510 662
ain3direct-0x00050003 raw 324 1022 511 652 filt 324 393 509 662
ain3direct-0x00050003 raw 324 1021 510 654 filt 324 510 509 661
ain3direct-0x00050003 raw 324 0 509 674 filt 324 510 511 661
ain3direct-0x00050003 raw 324 0 508 653 filt 324 510 511 663
ain3direct-0x00050003 raw 324 1021 510 651 filt 324 510 510 664
ain3direct-0x00050003 raw 324 0 511 654 filt 324 393 509 662
ain3direct-0x00050003 raw 324 0 511 651 filt 324 510 509 662
ain3direct-0x00050003 raw 324 0 512 674 filt 324 510 510 665
ain3direct-0x00050003 raw 324 1021 509 653 filt 324 510 510 663
ain3direct-0x00050003 raw 324 1022 510 651 filt 324 510 511 662
ain3direct-0x00050003 raw 324 0 511 676 filt 324 393 511 663
