ain2-0x40 raw 324 1022 511 0 filt 324 510 509 2
ain2-0x40 raw 324 1022 512 1 filt 324 510 508 1
ain2-0x40 raw 324 1022 511 0 filt 324 393 509 0
ain2-0x40 raw 323 1021 511 21 filt 324 510 510 3
ain2-0x40 raw 324 1022 509 2 filt 324 510 511 0
ain2-0x40 raw 324 1022 510 0 filt 324 521 511 1
ain2-0x40 raw 324 0 512 4 filt 324 510 511 1
ain2-0x40 raw 324 1022 512 0 filt 324 511 509 0
ain2-0x40 raw 324 1020 511 0 filt 324 510 510 3
ain2-0x40 raw 325 0 510 2 filt 324 510 511 0
ain2-0x40 raw 324 1022 509 0 filt 324 521 511 0
ain2-0x40 raw 324 1021 508 0 filt 324 510 511 1
ain2-0x40 raw 324 0 509 0 filt 324 511 509 0
ain2-0x40 raw 324 1 512 1 filt 324 510 509 4
ain2-0x40 raw 324 1021 509 2 filt 324 510 509 0
ain2-0x40 raw 324 0 508 2 filt 324 521 509 0
ain2-0x40 raw 324 0 508 0 filt 324 510 510 2
ain2-0x40 raw 324 1022 509 1 filt 324 511 509 1
ain2-0x40 raw 324 0 510 0 filt 324 510 509 4
ain2-0x40 raw 324 0 512 0 filt 324 510 509 0
ain2-0x40 raw 324 0 509 2 filt 324 521 510 0
ain2-0x40 raw 324 0 508 9 filt 324 510 510 3
ain2-0x40 raw 324 0 508 0 filt 324 510 510 0
ain2-0x40 raw 324 1 510 0 filt 324 510 510 3
ain2-0x40 raw 324 1021 511 0 filt 324 510 509 0
ain2-0x40 raw 324 0 512 0 filt 324 510 509 0
ain2-0x40 raw 324 0 512 0 filt 324 510 509 2
ain2-0x40 raw 324 1022 510 1 filt 324 510 509 0
ain2-0x40 raw 324 1022 509 0 filt 324 510 510 3
ain2-0x40 raw 324 0 508 0 filt 324 510 508 1
ain2-0x40 raw 324 0 512 0 filt 324 510 509 0
ain2-0x40 raw 324 1021 511 11 filt 324 510 509 2
ain2-0x40 raw 324 1022 505 1 filt 324 510 510 0
ain2-0x40 raw 324 0 509 1 filt 324 393 510 3
ain2-0x40 raw 324 0 509 3 filt 324 510 510 1
ain2-0x40 raw 324 1022 510 0 filt 324 511 510 0
ain2-0x40 raw 324 1020 510 0 filt 324 510 510 3
ain2-0x40 raw 324 0 511 3 filt 324 510 509 0
ain2-0x40 raw 324 1022 508 1 filt 324 393 511 2
ain2-0x40 raw 324 1022 509 0 filt 324 510 511 0
