ain0-0xC0 raw 324 1022 512 0 filt 324 511 510 0
ain0-0xC0 raw 324 1022 511 7 filt 324 510 510 1
ain0-0xC0 raw 324 0 510 2 filt 324 510 511 0
ain0-0xC0 raw 324 1022 509 22 filt 324 510 511 5
ain0-0xC0 raw 324 0 508 3 filt 324 510 510 0
ain0-0xC0 raw 324 0 509 0 filt 324 511 509 0
ain0-0xC0 raw 324 1021 510 0 filt 324 510 509 2
ain0-0xC0 raw 324 1022 512 2 filt 324 511 509 1
ain0-0xC0 raw 324 85 512 1 filt 324 510 509 5
ain0-0xC0 raw 324 0 512 0 filt 324 510 510 0
ain0-0xC0 raw 324 1021 510 1 filt 324 510 511 1
ain0-0xC0 raw 324 1021 510 0 filt 324 510 511 3
ain0-0xC0 raw 324 0 516 0 filt 324 511 511 0
ain0-0xC0 raw 324 1 512 0 filt 324 393 509 4
ain0-0xC0 raw 324 1021 512 0 filt 324 510 509 0
ain0-0xC0 raw 324 1022 510 0 filt 324 510 509 0
ain0-0xC0 raw 324 1021 509 0 filt 324 510 510 2
ain0-0xC0 raw 324 0 509 0 filt 324 510 510 0
ain0-0xC0 raw 324 1022 508 0 filt 324 510 509 6
ain0-0xC0 raw 324 0 510 0 filt 324 510 509 1
ain0-0xC0 raw 324 0 509 2 filt 324 510 509 0
ain0-0xC0 raw 324 0 509 12 filt 324 510 510 4
ain0-0xC0 raw 324 1022 509 5 filt 324 510 510 0
ain0-0xC0 raw 324 0 510 0 filt 324 393 511 1
ain0-0xC0 raw 324 0 510 0 filt 324 510 510 1
ain0-0xC0 raw 324 1022 512 1 filt 324 511 509 0
ain0-0xC0 raw 324 1021 512 0 filt 324 510 509 3
ain0-0xC0 raw 324 0 513 2 filt 324 511 510 0
ain0-0xC0 raw 324 0 510 0 filt 324 393 510 2
ain0-0xC0 raw 324 0 511 3 filt 324 510 509 1
ain0-0xC0 raw 324 0 508 0 filt 324 521 510 0
ain0-0xC0 raw 324 1021 510 0 filt 324 510 511 1
ain0-0xC0 raw 324 0 509 0 filt 324 510 510 0
ain0-0xC0 raw 324 0 512 0 filt 324 510 510 3
ain0-0xC0 raw 324 1022 512 0 filt 324 511 509 0
ain0-0xC0 raw 324 0 511 1 filt 324 510 509 0
ain0-0xC0 raw 324 0 509 8 filt 324 510 509 2
ain0-0xC0 raw 324 1022 508 0 filt 324 510 510 0
ain0-0xC0 raw 324 1021 509 0 filt 324 510 510 4
ain0-0xC0 raw 324 0 509 3 filt 324 510 509 1
