ain3-0x80 raw 324 1022 509 673 filt 324 510 511 660
ain3-0x80 raw 324 0 509 650 filt 324 510 511 660
ain3-0x80 raw 324 0 511 670 filt 324 510 510 661
ain3-0x80 raw 324 1021 512 673 filt 324 510 510 660
ain3-0x80 raw 324 0 509 673 filt 324 510 511 661
ain3-0x80 raw 324 1022 509 651 filt 324 510 511 661
ain3-0x80 raw 324 1021 509 651 filt 324 510 510 661
ain3-0x80 raw 324 0 511 673 filt 324 510 510 662
ain3-0x80 raw 324 1022 513 672 filt 324 510 509 658
ain3-0x80 raw 324 1022 512 675 filt 324 510 510 659
ain3-0x80 raw 324 1022 508 651 filt 324 393 511 662
ain3-0x80 raw 324 0 510 652 filt 324 510 510 662
ain3-0x80 raw 324 0 516 676 filt 324 510 509 664
ain3-0x80 raw 324 1022 511 675 filt 324 511 509 660
ain3-0x80 raw 324 1021 511 674 filt 324 511 509 662
ain3-0x80 raw 324 0 511 653 filt 324 510 510 662
ain3-0x80 raw 324 0 510 674 filt 324 510 511 663
ain3-0x80 raw 324 1022 509 673 filt 324 511 511 663
ain3-0x80 raw 324 0 512 650 filt 324 521 511 662
ain3-0x80 raw 324 0 512 654 filt 324 510 510 664
ain3-0x80 raw 324 1022 512 678 filt 324 511 510 664
ain3-0x80 raw 324 1 510 680 filt 324 510 511 664
ain3-0x80 raw 324 1021 504 674 filt 324 510 511 662
ain3-0x80 raw 324 1021 508 651 filt 324 510 511 662
ain3-0x80 raw 324 1021 512 650 filt 324 510 509 663
ain3-0x80 raw 324 0 512 651 filt 324 511 509 664
ain3-0x80 raw 324 0 510 674 filt 324 510 509 661
ain3-0x80 raw 324 1022 509 653 filt 324 510 510 662
ain3-0x80 raw 324 0 509 650 filt 324 521 511 662
ain3-0x80 raw 324 1021 510 650 filt 324 510 510 662
ain3-0x80 raw 324 1022 511 651 filt 324 510 509 663
ain3-0x80 raw 324 1020 510 653 filt 324 511 509 663
ain3-0x80 raw 324 0 509 678 filt 324 510 511 662
ain3-0x80 raw 324 1022 509 677 filt 324 511 511 663
ain3-0x80 raw 324 1021 510 673 filt 324 510 511 663
ain3-0x80 raw 324 1022 510 648 filt 324 510 510 663
ain3-0x80 raw 324 0 512 675 filt 324 510 510 663
ain3-0x80 raw 324 0 513 675 filt 324 510 511 662
ain3-0x80 raw 324 1021 511 651 filt 324 510 511 661
ain3-0x80 raw 324 1021 509 652 filt 324 510 510 662
