ain3direct-0x000500C3 raw 324 1021 512 1023 filt 324 510 511 1016
ain3direct-0x000500C3 raw 324 1022 510 1018 filt 324 511 511 1018
ain3direct-0x000500C3 raw 324 0 509 1018 filt 324 510 510 1018
ain3direct-0x000500C3 raw 324 0 509 1023 filt 324 510 510 1019
ain3direct-0x000500C3 raw 324 1022 512 1019 filt 324 511 510 1020
ain3direct-0x000500C3 raw 324 1021 512 999 filt 324 510 509 1017
ain3direct-0x000500C3 raw 324 0 510 1020 filt 324 510 509 1019
ain3direct-0x000500C3 raw 324 1022 509 1021 filt 324 510 510 1018
ain3direct-0x000500C3 raw 324 1022 511 1023 filt 324 510 509 1018
ain3direct-0x000500C3 raw 324 1021 510 1019 filt 324 510 509 1018
ain3direct-0x000500C3 raw 324 1022 510 1011 filt 324 510 509 1017
ain3direct-0x000500C3 raw 324 0 504 1020 filt 324 511 511 1019
ain3direct-0x000500C3 raw 324 0 510 1019 filt 324 511 510 1017
ain3direct-0x000500C3 raw 324 0 511 1023 filt 324 510 509 1020
ain3direct-0x000500C3 raw 324 1022 512 1019 filt 324 511 509 1019
ain3direct-0x000500C3 raw 324 1021 512 1005 filt 324 510 510 1018
ain3direct-0x000500C3 raw 324 0 509 1021 filt 324 510 510 1018
ain3direct-0x000500C3 raw 324 1023 510 1019 filt 324 510 511 1019
ain3direct-0x000500C3 raw 324 1022 511 1022 filt 324 510 511 1020
ain3direct-0x000500C3 raw 324 1022 512 1018 filt 324 511 510 1019
ain3direct-0x000500C3 raw 324 0 513 1021 filt 324 510 509 1016
ain3direct-0x000500C3 raw 323 1021 512 1022 filt 324 510 510 1019
ain3direct-0x000500C3 raw 324 1022 510 1018 filt 324 510 510 1019
ain3direct-0x000500C3 raw 324 0 510 1012 filt 324 510 510 1019
ain3direct-0x000500C3 raw 324 1022 512 1019 filt 324 510 509 1020
ain3direct-0x000500C3 raw 324 1021 513 1023 filt 324 511 509 1017
ain3direct-0x000500C3 raw 324 0 511 1021 filt 324 510 510 1019
ain3direct-0x000500C3 raw 324 1022 510 1020 filt 324 521 510 1019
ain3direct-0x000500C3 raw 324 1021 510 1023 filt 324 510 511 1018
ain3direct-0x000500C3 raw 324 0 509 1019 filt 324 510 511 1020
ain3direct-0x000500C3 raw 324 0 510 1018 filt 324 510 510 1016
ain3direct-0x000500C3 raw 324 1022 511 1022 filt 324 511 510 1019
ain3direct-0x000500C3 raw 324 0 510 1021 filt 324 510 511 1019
ain3direct-0x000500C3 raw 324 0 509 1014 filt 324 510 512 1018
ain3direct-0x000500C3 raw 324 0 510 1020 filt 324 510 511 1019
ain3direct-0x000500C3 raw 324 1022 509 1020 filt 324 510 510 1015
ain3direct-0x000500C3 raw 324 0 511 1016 filt 324 510 509 1019
ain3direct-0x000500C3 raw 324 0 512 1021 filt 324 511 509 1018
ain3direct-0x000500C3 raw 324 0 513 1023 filt 324 510 509 1018
ain3direct-0x000500C3 raw 324 1022 509 1019 filt 324 511 510 1019
