ain3-0xC0 raw 324 1022 511 1018 filt 324 510 509 1019
ain3-0xC0 raw 324 0 512 1020 filt 324 521 509 1015
ain3-0xC0 raw 324 0 510 1018 filt 324 511 510 1019
ain3-0xC0 raw 324 0 509 1019 filt 324 511 511 1019
ain3-0xC0 raw 324 0 510 1023 filt 324 510 511 1019
ain3-0xC0 raw 324 1022 510 1018 filt 324 511 512 1020
ain3-0xC0 raw 324 1022 512 1018 filt 324 521 510 1014
ain3-0xC0 raw 324 0 513 1023 filt 324 510 510 1019
ain3-0xC0 raw 324 0 511 1021 filt 324 511 511 1018
ain3-0xC0 raw 324 0 510 1023 filt 324 510 511 1018
ain3-0xC0 raw 324 1022 510 1017 filt 324 510 511 1018
ain3-0xC0 raw 324 0 512 1018 filt 324 510 510 1016
ain3-0xC0 raw 324 0 513 1022 filt 324 510 510 1019
ain3-0xC0 raw 323 1022 511 1020 filt 324 510 510 1019
ain3-0xC0 raw 324 0 510 1012 filt 324 510 510 1017
ain3-0xC0 raw 324 0 515 1021 filt 324 510 510 1019
ain3-0xC0 raw 324 1022 509 1018 filt 324 521 511 1017
ain3-0xC0 raw 324 1021 510 1014 filt 324 510 510 1020
ain3-0xC0 raw 324 0 511 1020 filt 324 510 510 1019
ain3-0xC0 raw 324 1021 510 1023 filt 324 510 510 1018
ain3-0xC0 raw 324 0 509 1019 filt 324 510 511 1018
ain3-0xC0 raw 324 0 509 1020 filt 324 521 511 1015
ain3-0xC0 raw 324 1022 510 1022 filt 324 510 510 1018
ain3-0xC0 raw 324 0 511 1019 filt 324 511 510 1019
ain3-0xC0 raw 324 0 512 1023 filt 324 510 510 1015
ain3-0xC0 raw 324 0 513 1019 filt 324 510 510 1018
ain3-0xC0 raw 325 0 511 1021 filt 324 511 510 1018
ain3-0xC0 raw 324 0 510 1023 filt 324 510 510 1019
ain3-0xC0 raw 324 1022 510 1017 filt 324 510 511 1019
ain3-0xC0 raw 324 1021 512 998 filt 324 510 511 1016
ain3-0xC0 raw 324 1022 509 1018 filt 324 511 509 1018
ain3-0xC0 raw 324 1022 510 1018 filt 324 510 510 1017
ain3-0xC0 raw 324 0 512 1015 filt 324 510 509 1019
ain3-0xC0 raw 323 1022 512 1018 filt 324 511 509 1019
ain3-0xC0 raw 324 1021 511 1010 filt 324 510 510 1019
ain3-0xC0 raw 324 1022 510 1021 filt 324 511 510 1019
ain3-0xC0 raw 324 1022 509 1020 filt 324 510 511 1017
ain3-0xC0 raw 324 0 509 1022 filt 324 510 511 1019
ain3-0xC0 raw 324 1021 509 1019 filt 324 511 510 1019
ain3-0xC0 raw 324 1022 510 1000 filt 324 510 510 1017
