ain0-0x00 raw 324 1021 510 0 filt 324 510 511 3
ain0-0x00 raw 324 0 505 0 filt 324 510 510 0
ain0-0x00 raw 324 0 509 0 filt 324 510 510 0
ain0-0x00 raw 324 1021 509 5 filt 324 510 509 1
ain0-0x00 raw 324 0 512 0 filt 324 510 509 1
ain0-0x00 raw 324 0 510 0 filt 324 510 509 2
ain0-0x00 raw 324 1022 509 0 filt 324 510 510 0
ain0-0x00 raw 324 0 508 2 filt 324 393 510 0
ain0-0x00 raw 324 0 509 5 filt 324 510 511 2
ain0-0x00 raw 324 1022 510 0 filt 324 510 510 0
ain0-0x00 raw 324 1022 508 12 filt 324 510 510 3
ain0-0x00 raw 324 1022 509 0 filt 324 511 511 0
ain0-0x00 raw 324 1020 511 0 filt 324 393 511 3
ain0-0x00 raw 324 0 511 1 filt 324 510 510 1
ain0-0x00 raw 324 0 512 0 filt 324 510 509 0
ain0-0x00 raw 324 1021 512 0 filt 324 510 509 2
ain0-0x00 raw 324 1022 510 0 filt 324 510 511 0
ain0-0x00 raw 324 0 509 0 filt 324 393 510 4
ain0-0x00 raw 324 0 508 4 filt 324 510 510 1
ain0-0x00 raw 324 1021 509 0 filt 324 510 509 1
ain0-0x00 raw 324 0 511 0 filt 324 510 509 3
ain0-0x00 raw 324 1022 509 2 filt 324 510 509 0
ain0-0x00 raw 324 0 509 1 filt 324 511 510 0
ain0-0x00 raw 324 0 508 0 filt 324 510 510 1
ain0-0x00 raw 324 1021 510 0 filt 324 510 511 0
ain0-0x00 raw 324 1021 510 0 filt 324 510 510 4
ain0-0x00 raw 324 0 516 4 filt 324 511 510 0
ain0-0x00 raw 324 1022 512 2 filt 324 393 509 0
ain0-0x00 raw 324 0 511 0 filt 324 510 510 0
ain0-0x00 raw 324 1022 510 0 filt 324 510 510 0
ain0-0x00 raw 324 1021 510 16 filt 324 510 510 3
ain0-0x00 raw 324 0 512 0 filt 324 510 509 0
ain0-0x00 raw 324 1021 512 0 filt 324 393 509 2
ain0-0x00 raw 324 1022 511 0 filt 324 510 509 1
ain0-0x00 raw 324 0 509 2 filt 324 510 510 0
ain0-0x00 raw 324 0 509 0 filt 324 510 511 6
ain0-0x00 raw 324 1022 508 0 filt 324 510 510 1
ain0-0x00 raw 323 0 509 0 filt 324 510 510 0
ain0-0x00 raw 324 1022 512 6 filt 324 510 510 1
ain0-0x00 raw 324 0 511 1 filt 324 510 511 0
