ain2-0x00 raw 324 1022 512 0 filt 324 510 509 0
ain2-0x00 raw 324 0 511 0 filt 324 510 509 4
ain2-0x00 raw 324 1022 510 2 filt 324 510 509 0
ain2-0x00 raw 324 1022 508 0 filt 324 511 510 0
ain2-0x00 raw 324 1021 509 5 filt 324 510 509 1
ain2-0x00 raw 324 0 509 0 filt 324 510 509 0
ain2-0x00 raw 324 1 512 0 filt 324 510 509 4
ain2-0x00 raw 324 1021 510 2 filt 324 510 509 0
ain2-0x00 raw 324 1022 509 2 filt 324 510 510 0
ain2-0x00 raw 324 1022 508 9 filt 324 510 510 2
ain2-0x00 raw 324 1021 510 1 filt 324 510 510 0
ain2-0x00 raw 324 0 511 0 filt 324 510 510 6
ain2-0x00 raw 324 0 512 4 filt 324 510 511 0
ain2-0x00 raw 324 1022 509 2 filt 324 510 511 0
ain2-0x00 raw 324 1022 508 0 filt 324 510 511 1
ain2-0x00 raw 324 0 510 0 filt 324 510 509 0
ain2-0x00 raw 324 1022 511 20 filt 324 510 509 5
ain2-0x00 raw 324 1022 512 5 filt 324 510 509 0
ain2-0x00 raw 324 0 511 2 filt 324 510 509 0
ain2-0x00 raw 324 0 511 13 filt 324 510 510 2
ain2-0x00 raw 324 1022 509 0 filt 324 510 511 0
ain2-0x00 raw 324 1021 510 0 filt 324 510 511 4
ain2-0x00 raw 324 0 512 1 filt 324 510 509 0
ain2-0x00 raw 324 0 512 0 filt 324 510 509 0
ain2-0x00 raw 324 0 512 0 filt 324 510 510 2
ain2-0x00 raw 324 0 510 2 filt 324 510 511 1
ain2-0x00 raw 324 1021 510 0 filt 324 510 511 1
ain2-0x00 raw 324 1022 512 0 filt 324 510 510 1
ain2-0x00 raw 324 0 512 0 filt 324 511 509 0
ain2-0x00 raw 324 1020 511 0 filt 324 510 510 3
ain2-0x00 raw 324 1021 510 1 filt 324 510 510 0
ain2-0x00 raw 324 0 509 0 filt 324 510 510 0
ain2-0x00 raw 324 0 508 6 filt 324 510 510 1
ain2-0x00 raw 324 1022 510 0 filt 324 511 509 1
ain2-0x00 raw 324 1021 512 22 filt 324 510 509 4
ain2-0x00 raw 324 0 510 3 filt 324 510 509 0
ain2-0x00 raw 324 1022 509 2 filt 324 510 510 6
ain2-0x00 raw 324 1022 510 0 filt 324 510 511 1
ain2-0x00 raw 324 1021 512 0 filt 324 510 509 1
ain2-0x00 raw 324 0 512 4 filt 324 510 509 1
