ain2-0xC0 raw 324 0 510 0 filt 324 510 511 1
ain2-0xC0 raw 324 0 511 0 filt 324 510 510 1
ain2-0xC0 raw 324 1021 512 0 filt 324 510 509 1
ain2-0xC0 raw 324 0 511 1 filt 324 510 510 0
ain2-0xC0 raw 324 1022 510 0 filt 324 510 510 4
ain2-0xC0 raw 324 1021 508 0 filt 324 510 510 0
ain2-0xC0 raw 324 0 509 0 filt 324 393 510 0
ain2-0xC0 raw 324 1021 512 0 filt 324 510 509 3
ain2-0xC0 raw 324 0 516 1 filt 324 510 509 0
ain2-0xC0 raw 324 1021 510 1 filt 324 521 509 2
ain2-0xC0 raw 324 0 509 3 filt 324 510 510 0
ain2-0xC0 raw 324 1022 508 0 filt 324 510 510 0
ain2-0xC0 raw 324 1021 509 16 filt 324 510 510 3
ain2-0xC0 raw 324 0 511 0 filt 324 510 509 0
ain2-0xC0 raw 324 1022 510 2 filt 324 521 510 4
ain2-0xC0 raw 324 1022 509 5 filt 324 510 510 0
ain2-0xC0 raw 325 1022 509 1 filt 324 510 511 0
ain2-0xC0 raw 324 0 509 0 filt 324 510 510 2
ain2-0xC0 raw 324 1022 510 0 filt 324 511 510 0
ain2-0xC0 raw 324 1022 512 1 filt 324 521 509 0
ain2-0xC0 raw 324 1021 512 0 filt 324 510 509 1
ain2-0xC0 raw 324 0 512 0 filt 324 511 509 0
ain2-0xC0 raw 324 1 509 0 filt 324 510 510 3
ain2-0xC0 raw 324 0 511 0 filt 324 510 509 0
ain2-0xC0 raw 324 1022 512 0 filt 324 521 509 1
ain2-0xC0 raw 324 1021 513 0 filt 324 510 509 1
ain2-0xC0 raw 324 0 510 2 filt 324 510 510 0
ain2-0xC0 raw 324 0 509 0 filt 324 510 511 6
ain2-0xC0 raw 324 1022 510 1 filt 324 510 511 1
ain2-0xC0 raw 324 0 511 0 filt 324 511 511 1
ain2-0xC0 raw 324 1021 512 0 filt 324 510 509 1
ain2-0xC0 raw 324 1022 511 0 filt 324 510 510 0
ain2-0xC0 raw 324 1022 510 21 filt 324 510 511 5
ain2-0xC0 raw 324 1022 508 0 filt 324 510 511 0
ain2-0xC0 raw 324 0 508 0 filt 324 510 510 0
ain2-0xC0 raw 324 0 509 11 filt 324 510 509 3
ain2-0xC0 raw 324 1022 511 0 filt 324 510 509 0
ain2-0xC0 raw 324 1020 509 1 filt 324 393 508 2
ain2-0xC0 raw 325 1021 509 3 filt 324 510 509 0
ain2-0xC0 raw 324 1022 508 1 filt 324 510 510 0
