ain3-0x00 raw 324 1022 509 674 filt 324 521 510 661
ain3-0x00 raw 324 0 509 648 filt 324 510 509 662
ain3-0x00 raw 324 0 509 649 filt 324 511 509 662
ain3-0x00 raw 324 1021 511 653 filt 324 510 510 662
ain3-0x00 raw 324 1022 510 653 filt 324 511 511 662
ain3-0x00 raw 324 0 509 654 filt 324 510 511 661
ain3-0x00 raw 324 0 508 649 filt 324 510 511 661
ain3-0x00 raw 324 1022 509 649 filt 324 510 510 662
ain3-0x00 raw 324 0 510 675 filt 324 510 510 662
ain3-0x00 raw 324 1022 512 651 filt 323 510 511 662
ain3-0x00 raw 324 0 510 673 filt 324 521 511 660
ain3-0x00 raw 324 0 511 676 filt 324 510 511 666
ain3-0x00 raw 324 1022 512 653 filt 324 511 510 661
ain3-0x00 raw 324 1021 512 650 filt 324 510 509 661
ain3-0x00 raw 324 0 512 677 filt 324 510 509 664
ain3-0x00 raw 324 1022 510 651 filt 324 510 510 659
ain3-0x00 raw 324 1022 509 649 filt 324 510 510 664
ain3-0x00 raw 324 1022 508 672 filt 324 511 509 663
ain3-0x00 raw 324 0 512 674 filt 324 510 509 664
ain3-0x00 raw 324 1021 511 651 filt 324 510 509 663
ain3-0x00 raw 324 1022 510 655 filt 324 521 510 661
ain3-0x00 raw 324 1021 509 652 filt 324 510 511 662
ain3-0x00 raw 324 1022 509 650 filt 324 511 511 662
ain3-0x00 raw 324 1022 509 672 filt 324 510 510 662
ain3-0x00 raw 324 1022 511 650 filt 324 510 510 662
ain3-0x00 raw 324 0 512 676 filt 324 510 509 662
ain3-0x00 raw 324 1021 512 675 filt 324 510 509 662
ain3-0x00 raw 324 0 509 651 filt 324 510 510 663
ain3-0x00 raw 324 1021 510 674 filt 324 510 510 664
ain3-0x00 raw 324 1022 510 675 filt 324 510 509 663
ain3-0x00 raw 324 1022 511 650 filt 324 511 509 664
ain3-0x00 raw 324 1021 512 651 filt 324 510 509 665
ain3-0x00 raw 324 1022 511 676 filt 324 511 510 662
ain3-0x00 raw 324 0 510 650 filt 324 510 511 663
ain3-0x00 raw 324 0 509 651 filt 324 510 511 665
ain3-0x00 raw 324 0 511 650 filt 324 510 511 664
ain3-0x00 raw 324 1021 513 675 filt 324 510 510 662
ain3-0x00 raw 324 0 516 677 filt 324 510 509 663
ain3-0x00 raw 324 1 510 656 filt 324 393 511 662
ain3-0x00 raw 324 1022 509 653 filt 324 510 511 663
